0 0.3638671875 0.8616431924882629 0.016703125 0.023896713615023473
0 0.3656171875 0.2615845070422535 0.071046875 0.1345305164319249
0 0.46546875 0.8461150234741784 0.04178125 0.07725352112676055
0 0.5711953125 0.8599178403755868 0.026265624999999997 0.042370892018779346
0 0.49156249999999996 0.8488262910798121 0.03915625 0.07544600938967136
0 0.665125 0.8441079812206573 0.022093750000000002 0.04300469483568075
0 0.5618359374999999 0.37772300469483566 0.095953125 0.1196713615023474
0 0.3557578125 0.9600704225352112 0.048109374999999996 0.07873239436619718
0 0.3345078125 0.9337910798122064 0.041078125 0.05847417840375587
0 0.2160234375 0.8238732394366198 0.039421875 0.07
0 0.34313281250000005 0.9468661971830986 0.039046874999999995 0.05922535211267606
0 0.31956249999999997 0.9162323943661972 0.037125000000000005 0.06086854460093897
0 0.296171875 0.9047417840375587 0.03215625 0.04830985915492957
0 0.4265625 0.8415492957746479 0.5375 0.11971830985915492