0 0.2584313725490196 0.5606781045751634 0.10336601307189543 0.2808986928104575
0 0.26399509803921567 0.6993300653594772 0.3269444444444444 0.4614052287581699
0 0.6005882352941176 0.5342892156862745 0.1711111111111111 0.2459967320261438
0 0.693921568627451 0.6971160130718954 0.2638888888888889 0.49361111111111106
0 0.2997140522875817 0.41223039215686275 0.04004901960784314 0.05093137254901961
0 0.4755964052287582 0.4377696078431373 0.07364379084967321 0.08906862745098039
0 0.7425816993464052 0.48160130718954247 0.1027124183006536 0.17215686274509803
0 0.30148692810457517 0.5164950980392158 0.1015359477124183 0.20377450980392156
0 0.422671568627451 0.4426143790849673 0.06315359477124183 0.06836601307189544
0 0.3901470588235294 0.4557598039215687 0.08205882352941177 0.08717320261437908
0 0.5477287581699346 0.39944444444444444 0.04470588235294118 0.04611111111111111
0 0.19914215686274508 0.44779411764705884 0.05207516339869281 0.06026143790849674
0 0.5301633986928105 0.4646813725490196 0.05019607843137255 0.12204248366013072