0 0.3112 0.5789489489489489 0.17308 0.22522522522522523
0 0.8667099999999999 0.7441741741741742 0.05806 0.13945945945945945
0 0.6155499999999999 0.7656456456456456 0.09698000000000001 0.35105105105105106
0 0.52591 0.7862462462462462 0.10973999999999999 0.3422822822822823
0 0.9442200000000001 0.58009009009009 0.02128 0.050750750750750744
0 0.66839 0.6725075075075075 0.02382 0.0740840840840841
0 0.30687000000000003 0.7733333333333333 0.08854000000000001 0.15873873873873873
0 0.67501 0.6009009009009009 0.0159 0.06852852852852853
0 0.9793099999999999 0.6178678678678678 0.0125 0.04036036036036036
0 0.988 0.6438438438438437 0.01812 0.026726726726726727
0 0.63081 0.6405855855855855 0.02478 0.09414414414414415