0 0.25266666666666665 0.7736796874999999 0.05991666666666667 0.108984375
0 0.1594583333333333 0.77925 0.054000000000000006 0.13140625
0 0.11878125 0.7704296875 0.04735416666666667 0.107640625
0 0.5070833333333333 0.8413828125 0.11333333333333333 0.272921875
0 0.20817708333333332 0.781859375 0.050395833333333334 0.11790624999999999
0 0.07557291666666667 0.7721640625 0.04560416666666667 0.11070312499999999
0 0.10062499999999999 0.72384375 0.021125 0.0300625
0 0.019270833333333334 0.7721015625000001 0.03716666666666667 0.114203125
0 0.18322916666666667 0.7752812499999999 0.021416666666666664 0.1006875
0 0.3385833333333333 0.865171875 0.07191666666666667 0.19775
0 0.049583333333333326 0.7700390625 0.031875 0.09098437499999999
0 0.4195729166666667 0.8655781250000001 0.1686041666666667 0.25890625
0 0.13860416666666667 0.7265546875 0.021916666666666664 0.021171875