0 0.40814062500000003 0.5280941176470588 0.39246875000000003 0.8269647058823529
0 0.06790625 0.5775176470588235 0.1328125 0.8224705882352942
0 0.26678125 0.2931529411764706 0.041125 0.07505882352941176
0 0.62028125 0.1975764705882353 0.04471875 0.049082352941176466
0 0.6611875 0.24392941176470584 0.05953125 0.1336470588235294
0 0.739421875 0.36909411764705885 0.08803125 0.3595529411764706
0 0.753859375 0.17822352941176473 0.03128125 0.055505882352941176
0 0.21203906250000001 0.44818823529411767 0.08429687500000001 0.39637647058823533
0 0.55596875 0.26029411764705884 0.0704375 0.10350588235294118
0 0.726453125 0.20405882352941176 0.03675 0.12134117647058823
0 0.6266171875000001 0.26399999999999996 0.077265625 0.09195294117647058
0 0.7775703125000001 0.2441058823529412 0.037015625 0.06915294117647058
0 0.0651328125 0.17882352941176471 0.041671875000000004 0.11505882352941176
0 0.4859375 0.20941176470588235 0.8875 0.3341176470588235