0 0.5869375000000001 0.684379652605459 0.01046875 0.041066997518610426
0 0.5976874999999999 0.6772828784119107 0.0063437499999999996 0.03570719602977668
0 0.6038984375 0.6797766749379652 0.008515625 0.04039702233250621
0 0.7246171875 0.6784367245657569 0.005265625 0.027543424317617866
0 0.5932578125 0.6826302729528536 0.005828125 0.036575682382133996
0 0.6737109374999999 0.6849627791563276 0.010421875 0.018014888337468983
0 0.7188671875 0.6788709677419354 0.004640625000000001 0.025583126550868487
0 0.786015625 0.6852357320099255 0.008624999999999999 0.013697270471464018
0 0.7754453125 0.6862158808933001 0.008203125 0.016550868486352358
0 0.6588828125 0.6787593052109182 0.007671875 0.027890818858560793
0 0.740890625 0.6767741935483871 0.0056875 0.00967741935483871
0 0.613640625 0.6814267990074442 0.00621875 0.017146401985111664
0 0.6514296875000001 0.6784491315136476 0.008546874999999999 0.028312655086848635
0 0.8234375 0.6985111662531017 0.203125 0.07196029776674938