0 0.5098258196721311 0.501015625 0.6322745901639345 0.9138437500000001
0 0.043903688524590166 0.2992109375 0.08711065573770492 0.115234375
0 0.1350717213114754 0.312953125 0.10895491803278688 0.148625
0 0.6706762295081967 0.276453125 0.06426229508196721 0.07878125
0 0.6043032786885245 0.2755546875 0.04799180327868853 0.090078125
0 0.5890983606557376 0.19066406249999998 0.06307377049180328 0.08492187500000001
0 0.6374487704918033 0.1942421875 0.04469262295081967 0.108421875
0 0.08806352459016392 0.23108593749999998 0.043750000000000004 0.035171875000000005
0 0.07531762295081967 0.2837578125 0.05403688524590164 0.082421875
0 0.012930327868852459 0.2699765625 0.025860655737704918 0.05795312500000001
0 0.12091188524590164 0.23100781250000005 0.027684426229508195 0.030515625
0 0.727295081967213 0.2930703125 0.07590163934426229 0.117390625
0 0.9715573770491802 0.36978906250000004 0.054672131147540985 0.130140625