0 0.41634374999999996 0.6595529411764706 0.23578125 0.6808941176470588
0 0.69315625 0.6145999999999999 0.4223125 0.7483058823529412
0 0.566703125 0.5164588235294117 0.1155 0.2932
0 0.16265625 0.711235294117647 0.3253125 0.5460470588235294
0 0.0925234375 0.6569294117647059 0.185046875 0.6629411764705883
0 0.31359375 0.4670705882352941 0.08378125 0.19856470588235295
0 0.20406249999999998 0.41008235294117645 0.04790625 0.09127058823529412
0 0.17446875 0.44597647058823525 0.04446875 0.1084235294117647
0 0.26844531250000003 0.4104823529411764 0.06023437499999999 0.08755294117647058
0 0.026875 0.5039764705882352 0.05375 0.18244705882352943
0 0.25758593750000003 0.36797647058823524 0.013140625 0.023858823529411766
0 0.23233593750000003 0.4020705882352942 0.032390625 0.0731764705882353
0 0.14428125 0.42618823529411765 0.03615625 0.10668235294117648
0 0.23828125 0.4388235294117647 0.4765625 0.27058823529411763