0 0.21825999999999998 0.51012 0.22080000000000002 0.4404533333333333
0 0.07147 0.5944133333333333 0.14294 0.27901333333333334
0 0.6095499999999999 0.5446666666666666 0.08181999999999999 0.16362666666666667
0 0.77554 0.6759866666666666 0.24552000000000002 0.4946933333333333
0 0.858 0.5658533333333333 0.08888 0.2132
0 0.93664 0.57776 0.12672 0.24842666666666666
0 0.29073000000000004 0.4190933333333333 0.31854000000000005 0.5820266666666667
0 0.5529100000000001 0.5339866666666667 0.07714 0.13784
0 0.91208 0.43574666666666667 0.06024 0.07112
0 0.03047 0.5609866666666666 0.06094 0.19584
0 0.49628999999999995 0.56236 0.08854000000000001 0.22781333333333334
0 0.9796999999999999 0.5441866666666666 0.04056 0.11829333333333333