0 0.6358359375 0.8146666666666665 0.11664062500000001 0.3474583333333333
0 0.1942890625 0.6113020833333332 0.085765625 0.36356249999999996
0 0.10400000000000001 0.6225208333333333 0.11074999999999999 0.407375
0 0.27474999999999994 0.6273333333333333 0.058062499999999996 0.2700416666666667
0 0.35275781250000005 0.6080104166666666 0.091171875 0.31077083333333333
0 0.7932734375 0.5866875 0.033078125 0.126
0 0.452265625 0.5292708333333334 0.056906250000000005 0.09629166666666666
0 0.8507578125 0.5738125000000001 0.028640624999999996 0.11733333333333333
0 0.561609375 0.5904895833333333 0.05434375 0.20606249999999998
0 0.49921875 0.6010624999999999 0.0658125 0.22433333333333336
0 0.5975234374999999 0.5299479166666666 0.045015625 0.08777083333333334
0 0.632890625 0.5397395833333333 0.026718750000000003 0.06572916666666667
0 0.650734375 0.5213958333333334 0.01509375 0.04579166666666667
0 0.68359375 0.6052083333333333 0.6296875 0.33958333333333335