0 0.37737499999999996 0.6048594847775176 0.48578124999999994 0.7797892271662764
0 0.500015625 0.21980093676814988 0.23493750000000002 0.4243793911007026
0 0.8823203124999999 0.5656088992974239 0.23535937499999998 0.7775409836065573
0 0.07121875 0.6157259953161591 0.1424375 0.7595550351288056
0 0.1360078125 0.37203747072599536 0.184078125 0.470632318501171
0 0.1371875 0.1816510538641686 0.21440625 0.34156908665105384
0 0.6772968749999999 0.15014051522248242 0.21078125 0.2979391100702576
0 0.8761484375 0.17572599531615923 0.20001562499999997 0.35145199063231847
0 0.234921875 0.0844496487119438 0.1535625 0.1688992974238876
0 0.780859375 0.5925878220140516 0.4184375 0.7802576112412178
0 0.33532812500000003 0.26752927400468385 0.13690625 0.4103747072599531