0 0.7251875 0.5311382113821138 0.0365625 0.24569105691056908
0 0.4941562500000001 0.48941056910569103 0.03428125 0.09678861788617886
0 0.6914296875 0.510589430894309 0.032859375 0.21963414634146342
0 0.1034140625 0.48365853658536584 0.030359375 0.13634146341463416
0 0.1362265625 0.5829471544715448 0.079828125 0.3905284552845528
0 0.7807265625 0.4894512195121951 0.038203125 0.21085365853658536
0 0.5398828124999999 0.5773780487804878 0.06742187499999999 0.32117886178861793
0 0.8747890625 0.48609756097560974 0.059765625 0.18967479674796747
0 0.9302578125000001 0.45959349593495935 0.033265625 0.21024390243902438
0 0.976984375 0.46331300813008136 0.03465625 0.24792682926829268
0 0.96303125 0.45766260162601624 0.01740625 0.22166666666666668
0 0.7424375000000001 0.49579268292682926 0.033125 0.21922764227642277