0 0.3260390625 0.7563732394366198 0.071890625 0.3010093896713615
0 0.3685546875 0.7392840375586854 0.036765625 0.20082159624413146
0 0.25096874999999996 0.7069835680751173 0.04290625 0.14359154929577464
0 0.17870312500000002 0.7214084507042253 0.05571875 0.22502347417840377
0 0.11334375 0.7429342723004695 0.09115625000000001 0.20300469483568076
0 0.9883593750000002 0.7042018779342724 0.02328125 0.12169014084507043
0 0.9624609375000001 0.7113967136150233 0.024484375 0.1134037558685446
0 0.9402109375000001 0.7057394366197184 0.018265625 0.11349765258215963
0 0.45387500000000003 0.6982394366197183 0.01934375 0.1212676056338028
0 0.291640625 0.7351877934272302 0.03365625 0.18910798122065728
0 0.22624218749999997 0.7045774647887323 0.038515625 0.155868544600939
0 0.135890625 0.6517605633802817 0.013250000000000001 0.033192488262910796
0 0.14783593750000001 0.6832629107981221 0.017359375 0.13286384976525822
0 0.4015625 0.6830985915492958 0.46875 0.18309859154929578