0 0.39990625 0.3278167641325536 0.30615625 0.4578947368421053
0 0.5171718750000001 0.25954191033138396 0.1883125 0.29612085769980506
0 0.09339062499999999 0.25211500974658874 0.06543750000000001 0.2503508771929825
0 0.1782421875 0.15888888888888886 0.095703125 0.13282651072124757
0 0.762375 0.1456140350877193 0.03625 0.07118908382066277
0 0.736984375 0.2093469785575049 0.04259375 0.16512670565302143
0 0.5255625 0.16046783625730993 0.04971875 0.04370370370370371
0 0.5804453125 0.16856725146198828 0.06476562500000001 0.0923391812865497
0 0.8178515625000001 0.14307992202729045 0.031890625 0.0791812865497076
0 0.19690625 0.2554093567251462 0.07915625 0.2222027290448343
0 0.25852343749999995 0.24046783625730994 0.059328124999999995 0.23582846003898636
0 0.0711328125 0.15585769980506822 0.055734375 0.11284600389863547
0 0.8463046875 0.2505458089668616 0.064046875 0.24074074074074073
0 0.49921875 0.15789473684210525 0.9984375 0.17153996101364521