0 0.6416718749999999 0.5483058823529412 0.5431874999999999 0.8808941176470588
0 0.28428125 0.5462117647058823 0.43425 0.8808941176470588
0 0.4173828125 0.4333294117647059 0.027421875000000002 0.08934117647058823
0 0.4976718750000001 0.46275294117647064 0.04796875 0.34536470588235296
0 0.7789843750000001 0.3417529411764706 0.0909375 0.16727058823529412
0 0.9477343749999999 0.4972235294117647 0.094125 0.49327058823529407
0 0.0552109375 0.44762352941176475 0.110421875 0.37529411764705883
0 0.4441328124999999 0.5363294117647058 0.082703125 0.19703529411764706
0 0.32934375 0.4400941176470588 0.06328125 0.32023529411764706
0 0.3933359375 0.3950941176470588 0.045859375 0.18134117647058823
0 0.82321875 0.3800352941176471 0.0330625 0.09145882352941176
0 0.9307109375 0.6759647058823529 0.138578125 0.6480705882352942
0 0.569359375 0.3968705882352941 0.05571875 0.14941176470588236