0 0.5264375 0.6473848987108655 0.1300625 0.4468876611418048
0 0.427078125 0.6679834254143647 0.12965625 0.4764088397790055
0 0.7002421875 0.5187108655616942 0.039140625 0.17771639042357273
0 0.624703125 0.5200092081031308 0.0438125 0.1787661141804788
0 0.5288281250000001 0.4234622467771639 0.031375 0.05274401473296501
0 0.5576640625 0.4386648250460405 0.033234375 0.06812154696132597
0 0.21300781249999998 0.4364088397790055 0.023828125 0.08898710865561694
0 0.22246875 0.37472375690607734 0.022343750000000002 0.03224677716390424
0 0.2 0.37399631675874767 0.021625 0.03355432780847145
0 0.251953125 0.4300644567219153 0.029031249999999998 0.09876611418047883
0 0.48361718750000005 0.41957642725598526 0.034890624999999995 0.04578268876611418