0 0.9668906249999999 0.15014084507042252 0.0160625 0.03671361502347418
0 0.45621875 0.4921361502347418 0.1765 0.435962441314554
0 0.63428125 0.36771126760563383 0.1373125 0.5470657276995305
0 0.7439843749999999 0.5291549295774648 0.41937499999999994 0.9147887323943662
0 0.0270859375 0.26508215962441317 0.052828125000000004 0.1761737089201878
0 0.0732890625 0.21268779342723004 0.056578125 0.09852112676056338
0 0.9636953125 0.21572769953051646 0.072609375 0.0943661971830986
0 0.9311874999999998 0.1846478873239437 0.039531250000000004 0.06056338028169014
0 0.14584375 0.1932511737089202 0.0643125 0.08988262910798121
0 0.135765625 0.0742605633802817 0.025687500000000002 0.06237089201877934
0 0.469640625 0.218075117370892 0.09840625 0.09230046948356807
0 0.093203125 0.17204225352112673 0.03725 0.08769953051643192
0 0.5364375000000001 0.21667840375586855 0.05165625 0.09349765258215963
0 0.5 0.1960093896713615 0.996875 0.3873239436619718