0 0.239953125 0.9057164179104478 0.0411875 0.11370149253731344
0 0.5246875 0.8730149253731343 0.0443125 0.12244776119402986
0 0.16291406249999998 0.5853880597014925 0.036453124999999996 0.09214925373134329
0 0.35954687500000004 0.7817164179104478 0.0325 0.09573134328358208
0 0.077953125 0.5969253731343284 0.017093749999999998 0.08370149253731343
0 0.5912656249999999 0.7639253731343284 0.033875 0.11895522388059702
0 0.6318828125 0.6657014925373134 0.029890624999999997 0.10250746268656717
0 0.09918750000000001 0.587089552238806 0.019625 0.10373134328358209
0 0.3582109375 0.5965373134328358 0.015265625 0.07844776119402985
0 0.19152343749999998 0.6651044776119404 0.021703125 0.10167164179104478
0 0.038125 0.5941492537313433 0.017656250000000002 0.09982089552238806
0 0.5440625 0.862597014925373 0.0403125 0.09367164179104477
0 0.17740625000000002 0.6526567164179105 0.021812500000000002 0.07486567164179105
0 0.34296875 0.7597014925373134 0.6828125 0.4746268656716418