0 0.9175703125 0.48988290398126466 0.11095312500000001 0.5213583138173302
0 0.7905 0.5181615925058548 0.11859375000000001 0.45941451990632315
0 0.7784921875 0.5738407494145198 0.070921875 0.33058548009367683
0 0.6755312499999999 0.6063348946135833 0.07309375 0.2822248243559719
0 0.583796875 0.6305620608899297 0.12734375 0.3904449648711944
0 0.5772734375 0.37336065573770494 0.114203125 0.28072599531615927
0 0.3485078125 0.6115690866510538 0.166578125 0.3572833723653396
0 0.42702343750000005 0.5639812646370024 0.075546875 0.31377049180327865
0 0.5006484375 0.5970140515222483 0.082265625 0.3668618266978923
0 0.53675 0.4865222482435597 0.05096874999999999 0.12807962529274003
0 0.12451562499999999 0.5336533957845433 0.052000000000000005 0.19756440281030443
0 0.084828125 0.6029742388758783 0.1276875 0.38276346604215455
0 0.4454140625 0.37946135831381733 0.089078125 0.24833723653395787
0 0.49921875 0.4601873536299766 0.9984375 0.5175644028103045