0 0.20392187499999997 0.4321244131455399 0.09243749999999999 0.24396713615023477
0 0.3080546875 0.1488380281690141 0.021046875 0.05354460093896713
0 0.1603671875 0.11929577464788732 0.015171875000000001 0.04399061032863849
0 0.49664843750000004 0.4883098591549295 0.073046875 0.22103286384976525
0 0.3871953125 0.3459859154929577 0.034546875 0.12131455399061032
0 0.8206093750000001 0.4843896713615024 0.078125 0.21910798122065728
0 0.808640625 0.36449530516431927 0.045156249999999995 0.1094131455399061
0 0.4293359375 0.28056338028169014 0.042953124999999995 0.08389671361502347
0 0.737546875 0.24469483568075115 0.0228125 0.08450704225352113
0 0.885125 0.22330985915492957 0.0335625 0.06281690140845071
0 0.7173515625 0.15766431924882626 0.028484375 0.049553990610328634
0 0.44028906249999994 0.17563380281690139 0.016828125 0.053098591549295776
0 0.45582031250000005 0.19100938967136152 0.022015625 0.07122065727699531
0 0.5078125 0.18544600938967137 0.98125 0.37089201877934275