0 0.509171875 0.448169014084507 0.1525625 0.2561971830985916
0 0.749390625 0.6280868544600939 0.2841875 0.7213380281690142
0 0.23483593750000004 0.24943661971830988 0.086765625 0.364037558685446
0 0.0704609375 0.7792723004694836 0.140921875 0.4166666666666667
0 0.6529140625000001 0.3617957746478873 0.07029687500000001 0.1797887323943662
0 0.448453125 0.17562206572769953 0.051312500000000004 0.12884976525821595
0 0.558046875 0.3005281690140845 0.08565625 0.4274413145539906
0 0.32009375 0.2471830985915493 0.0658125 0.2651643192488263
0 0.3880625 0.2418661971830986 0.07259375 0.24880281690140843
0 0.704078125 0.2712676056338028 0.032968750000000005 0.05868544600938967
0 0.5542734375 0.7537323943661972 0.351828125 0.49253521126760563
0 0.8363203125 0.38130281690140844 0.123015625 0.24481220657276997
0 0.0636953125 0.30822769953051643 0.12467187500000002 0.33739436619718305
0 0.5 0.2992957746478873 0.996875 0.5563380281690141