0 0.747921875 0.486875 0.039718750000000004 0.0796933962264151
0 0.7929765625 0.4655542452830188 0.07864062499999999 0.14610849056603775
0 0.8591093750000001 0.4621462264150943 0.04328125 0.13537735849056604
0 0.9707578124999999 0.5570754716981132 0.032921875 0.27749999999999997
0 0.8033906249999999 0.49832547169811325 0.03796875 0.06627358490566038
0 0.9245624999999998 0.5022641509433963 0.058750000000000004 0.1963679245283019
0 0.8872265624999999 0.47229952830188676 0.027421875000000002 0.10606132075471698
0 0.680140625 0.5540094339622641 0.056374999999999995 0.2562735849056604
0 0.2545625 0.46930424528301884 0.04725 0.08672169811320755
0 0.414625 0.4337146226415094 0.1414375 0.5707783018867925
0 0.30382031249999997 0.46045990566037737 0.021390625 0.06125
0 0.34148437499999995 0.47998820754716975 0.03078125 0.049693396226415096
0 0.75903125 0.4420754716981132 0.03025 0.08669811320754717
0 0.44609375 0.4634433962264151 0.8890625 0.125