0 0.66834375 0.6675104166666667 0.0113125 0.04177083333333333
0 0.717484375 0.6543854166666667 0.014812500000000001 0.0564375
0 0.45426562499999995 0.6671979166666666 0.02371875 0.06327083333333333
0 0.5703671874999999 0.6577291666666667 0.013765625 0.051958333333333336
0 0.545390625 0.6812708333333333 0.01203125 0.024041666666666666
0 0.7954375 0.6438645833333333 0.00821875 0.035479166666666666
0 0.4868437500000001 0.6657916666666667 0.01496875 0.059875
0 0.63203125 0.6659999999999999 0.01634375 0.04829166666666666
0 0.8670781250000001 0.6168333333333333 0.01121875 0.027125
0 0.6481640625 0.6686875000000001 0.014890625 0.042333333333333334
0 0.5014609375 0.66603125 0.017296875 0.05414583333333333
0 0.1380625 0.6736249999999999 0.015875 0.030500000000000003
0 0.6857265625 0.66159375 0.017109375 0.059104166666666666
0 0.56796875 0.6572916666666667 0.8171875 0.11875