0 0.4427049180327869 0.5444609375 0.49473067915690866 0.509296875
0 0.5777868852459016 0.3980859375 0.1221311475409836 0.157109375
0 0.39784543325526933 0.253265625 0.1473536299765808 0.181375
0 0.28954332552693207 0.24464843749999998 0.1086416861826698 0.153921875
0 0.7913817330210773 0.24222656250000002 0.12557377049180327 0.174015625
0 0.9051288056206089 0.23996093749999997 0.1859016393442623 0.192890625
0 0.6411241217798594 0.175078125 0.13625292740046838 0.1953125
0 0.18028103044496488 0.13803125 0.12505854800936766 0.12353125000000001
0 0.17169789227166277 0.22196875 0.13140515222482435 0.15109375
0 0.28947306791569083 0.1332265625 0.09969555035128806 0.114015625
0 0.5246018735362997 0.07075000000000001 0.12850117096018734 0.1358125
0 0.042903981264637 0.224265625 0.085807962529274 0.1449375
0 0.7455503512880562 0.07025781249999999 0.11906323185011711 0.138578125
0 0.49882903981264637 0.13984375 0.9976580796252927 0.2796875