0 0.7162890625 0.8160104166666666 0.063828125 0.22889583333333335
0 0.6688046875 0.7882604166666667 0.024140625 0.09377083333333333
0 0.652484375 0.6888854166666666 0.01303125 0.03235416666666666
0 0.501359375 0.6203229166666667 0.0115625 0.030604166666666665
0 0.5757109375 0.6306770833333334 0.016359375000000002 0.02314583333333333
0 0.6066015625 0.6241458333333334 0.005546875 0.020458333333333335
0 0.6323749999999999 0.6101875 0.01 0.022333333333333334
0 0.6499375000000001 0.6180416666666666 0.01184375 0.03783333333333334
0 0.1374453125 0.8467395833333333 0.106640625 0.30443749999999997
0 0.055078125 0.6988854166666666 0.02046875 0.09464583333333333
0 0.5731796875 0.7781354166666666 0.027265624999999998 0.08252083333333333
0 0.13465624999999998 0.6318541666666666 0.01821875 0.05504166666666667
0 0.41796875 0.671875 0.7390625 0.33541666666666664