0 0.2913359375 0.5317291666666667 0.030515625 0.13816666666666666
0 0.3962734375 0.52215625 0.032609375 0.16102083333333334
0 0.491796875 0.5579375 0.0435625 0.1665
0 0.5363359375 0.5071145833333334 0.050328125 0.06177083333333333
0 0.655828125 0.6053645833333334 0.07025 0.13010416666666666
0 0.6762499999999999 0.5066458333333334 0.03678125 0.09229166666666666
0 0.7358671875 0.5458541666666666 0.039015625 0.14583333333333334
0 0.8199609375000001 0.5546875 0.032296875 0.17475
0 0.8375937500000001 0.5427604166666666 0.02303125 0.14681249999999998
0 0.6290390625000001 0.5334895833333333 0.045234375 0.1773125
0 0.5018125 0.49123958333333334 0.0226875 0.04839583333333333