0 0.6012421874999999 0.43566901408450703 0.039515625 0.09809859154929577
0 0.78809375 0.4495539906103287 0.02584375 0.049248826291079816
0 0.8729140625000001 0.4586854460093896 0.040453125 0.03056338028169014
0 0.726109375 0.39638497652582155 0.025281249999999998 0.028028169014084506
0 0.329515625 0.3962441314553991 0.01653125 0.040469483568075115
0 0.287015625 0.4196478873239437 0.03821875 0.0539906103286385
0 0.236046875 0.425093896713615 0.03290625 0.056713615023474176
0 0.6701718750000001 0.439037558685446 0.01875 0.03539906103286385
0 0.052078124999999996 0.471924882629108 0.02784375 0.04723004694835681
0 0.1610703125 0.413274647887324 0.024203125 0.05471830985915493
0 0.869734375 0.38473004694835683 0.02371875 0.03471830985915493
0 0.4129296875 0.4291079812206573 0.014734375 0.062018779342723006
0 0.2497578125 0.40078638497652586 0.014515624999999999 0.022136150234741782
0 0.2390625 0.40492957746478875 0.403125 0.025821596244131457