0 0.4702578125 0.309 0.168828125 0.28650000000000003
0 0.6431171875 0.3889270833333333 0.20817187499999998 0.4512291666666667
0 0.805625 0.6224687499999999 0.3505625 0.7550625
0 0.51740625 0.12480208333333334 0.13553125 0.17102083333333334
0 0.29592968750000004 0.12705208333333334 0.097953125 0.22622916666666668
0 0.383890625 0.13014583333333332 0.09343749999999999 0.24370833333333333
0 0.19030468749999999 0.5794895833333332 0.32032812499999996 0.6876458333333333
0 0.3477109375 0.057072916666666675 0.056484374999999996 0.09781250000000001
0 0.48199218750000006 0.085625 0.06539062500000001 0.11120833333333334
0 0.4734375 0.02392708333333333 0.009343750000000001 0.03239583333333333
0 0.6160546874999999 0.027489583333333335 0.007046874999999999 0.029770833333333333
0 0.2444765625 0.08266666666666667 0.05582812499999999 0.13320833333333332
0 0.920359375 0.0310625 0.009156250000000001 0.020791666666666667
0 0.51484375 0.025 0.0203125 0.016666666666666666