0 0.3815 0.41801401869158883 0.13584374999999999 0.3154672897196262
0 0.1589453125 0.44681074766355144 0.060171875 0.0749766355140187
0 0.211109375 0.4452803738317757 0.0595625 0.07593457943925233
0 0.47361718750000004 0.46753504672897195 0.040234375 0.12119158878504672
0 0.9854296875000002 0.4474415887850467 0.029140624999999996 0.14936915887850466
0 0.1024375 0.45578271028037387 0.04359375 0.05955607476635514
0 0.0629140625 0.47725467289719625 0.049703125 0.10563084112149533
0 0.0281796875 0.48696261682242986 0.035109375 0.09873831775700934
0 0.012898437500000002 0.4834696261682243 0.024453125 0.10745327102803738
0 0.237890625 0.424661214953271 0.017875 0.08689252336448598
0 0.1440546875 0.4417523364485982 0.011171875000000001 0.035560747663551405
0 0.9606406249999999 0.4683528037383177 0.027875 0.06913551401869159
0 0.9576015625000001 0.4174415887850467 0.025328125 0.0430607476635514