0 0.2942109375 0.6541700819672132 0.191828125 0.6543647540983606
0 0.8010468749999999 0.6539241803278689 0.193625 0.6471926229508196
0 0.1313984375 0.6286372950819672 0.080265625 0.36620901639344267
0 0.5611640625 0.5602766393442622 0.049109375 0.09182377049180328
0 0.0242421875 0.5572131147540984 0.048484375 0.09614754098360656
0 0.6517890625 0.633811475409836 0.094640625 0.37233606557377047
0 0.5873046875 0.5317520491803279 0.015734375000000002 0.024815573770491803
0 0.5717265625000001 0.5166598360655738 0.015546874999999998 0.024467213114754097
0 0.034328125 0.515655737704918 0.014374999999999999 0.025327868852459016
0 0.05096874999999999 0.5315368852459016 0.0164375 0.024344262295081968
0 0.5216015625 0.525625 0.016671875 0.01584016393442623