0 0.11352564102564101 0.4795234375 0.1347863247863248 0.226421875
0 0.1725854700854701 0.56846875 0.1752991452991453 0.3106875
0 0.5530982905982906 0.7213125 0.043333333333333335 0.09671874999999999
0 0.5109935897435897 0.7286640625 0.04143162393162393 0.080171875
0 0.48735042735042733 0.7267421875 0.02341880341880342 0.077734375
0 0.7188034188034188 0.7380312499999999 0.033504273504273506 0.091625
0 0.6299786324786326 0.40449999999999997 0.27042735042735044 0.17528125
0 0.6873290598290599 0.70625 0.03542735042735042 0.0610625
0 0.06507478632478633 0.4495 0.12305555555555556 0.358
0 0.4587713675213675 0.7222265625 0.04010683760683761 0.093828125
0 0.13625 0.45658593750000004 0.1057051282051282 0.090796875
0 0.023525641025641024 0.2611953125 0.04547008547008547 0.049640625
0 0.14039529914529914 0.34353125 0.16339743589743588 0.14496875
0 0.34615384615384615 0.7421875 0.688034188034188 0.5125