0 0.17946093749999997 0.463556338028169 0.088546875 0.3286619718309859
0 0.072359375 0.48039906103286395 0.09768750000000001 0.32765258215962445
0 0.316890625 0.38821596244131457 0.02634375 0.1324413145539906
0 0.2491015625 0.3781455399061032 0.021078125 0.09352112676056339
0 0.33971093750000003 0.3398239436619719 0.020859375 0.05204225352112676
0 0.3963125 0.3371596244131455 0.02009375 0.02976525821596244
0 0.27409374999999997 0.39172535211267606 0.032718750000000005 0.12462441314553992
0 0.9792500000000001 0.4589788732394366 0.041499999999999995 0.23232394366197182
0 0.8958828125 0.406537558685446 0.017140625 0.07725352112676055
0 0.13193749999999999 0.4580281690140845 0.046406249999999996 0.24737089201877932
0 0.36325 0.3392723004694836 0.02615625 0.03413145539906103
0 0.2890625 0.3877112676056338 0.02009375 0.12359154929577465
0 0.258140625 0.369237089201878 0.0175625 0.0934037558685446