0 0.4906074766355141 0.6078671874999999 0.44355140186915887 0.644953125
0 0.5898247663551401 0.18155468749999998 0.06941588785046729 0.051078124999999995
0 0.4392757009345794 0.1853359375 0.060887850467289714 0.042140625
0 0.34667056074766356 0.20214062500000002 0.0663785046728972 0.05040625
0 0.24845794392523365 0.2084375 0.07182242990654206 0.081625
0 0.2041822429906542 0.2212265625 0.07228971962616823 0.067296875
0 0.17681074766355143 0.12891406249999998 0.04852803738317757 0.055421874999999995
0 0.08956775700934579 0.072765625 0.09792056074766355 0.07725
0 0.38061915887850467 0.0648671875 0.05063084112149533 0.036453124999999996
0 0.6579322429906542 0.6276015625 0.133107476635514 0.108578125
0 0.692394859813084 0.2310625 0.046799065420560754 0.0435625
0 0.7467056074766355 0.3615859375 0.060186915887850474 0.063734375
0 0.7834579439252336 0.4061328125 0.07845794392523364 0.073546875
0 0.49883177570093457 0.35234375 0.9976635514018691 0.7046875