0 0.6833046875 0.283231850117096 0.090265625 0.21306791569086653
0 0.46475 0.23819672131147543 0.08328125 0.23348946135831383
0 0.01503125 0.3177166276346604 0.0300625 0.1566510538641686
0 0.226265625 0.10391100702576112 0.06409375 0.1954566744730679
0 0.6544296875 0.024976580796252926 0.070765625 0.04995316159250585
0 0.06671875000000001 0.6393325526932084 0.1004375 0.42920374707259956
0 0.1759765625 0.028337236533957845 0.054421874999999995 0.05667447306791569
0 0.5937109374999999 0.04478922716627635 0.043640625 0.0895784543325527
0 0.2998671875 0.11676814988290397 0.082953125 0.23086651053864168
0 0.9460312500000001 0.09139344262295082 0.056281250000000005 0.18278688524590164
0 0.10509375000000001 0.27455503512880564 0.08709375 0.23908665105386417
0 0.8760078124999999 0.09480093676814988 0.074515625 0.18960187353629976
0 0.5078125 0.5081967213114754 0.490625 0.7353629976580797