0 0.8629999999999999 0.45667012448132777 0.0704375 0.1634232365145228
0 0.3366953125 0.42155601659751035 0.021953125 0.08535269709543569
0 0.36110156250000003 0.41248962655601656 0.017734375 0.032821576763485474
0 0.9731796875000001 0.406701244813278 0.012703125000000001 0.043568464730290454
0 0.40695312499999997 0.4085373443983403 0.006500000000000001 0.022136929460580913
0 0.7707656249999999 0.4031846473029046 0.0084375 0.03275933609958506
0 0.3960390625 0.4063692946058091 0.0054531250000000005 0.01788381742738589
0 0.7852890625 0.39783195020746887 0.010578124999999999 0.030892116182572614
0 0.9184531249999999 0.3893360995850622 0.010187499999999999 0.01946058091286307
0 0.9255312499999999 0.3962966804979253 0.00834375 0.022136929460580913
0 0.9467812500000001 0.4078008298755187 0.01165625 0.03095435684647303
0 0.44586718750000004 0.405155601659751 0.014671875000000001 0.016825726141078835
0 0.80678125 0.40607883817427387 0.00809375 0.027842323651452283
0 0.88125 0.3993775933609959 0.234375 0.07676348547717843