0 0.4680859375 0.5825416666666666 0.21226562499999999 0.3939166666666667
0 0.67753125 0.5471979166666666 0.303375 0.8202291666666667
0 0.7251953125 0.24273958333333334 0.074421875 0.13802083333333334
0 0.8494375 0.42021875000000003 0.109375 0.2578958333333333
0 0.50190625 0.3268854166666666 0.06503125 0.3091458333333333
0 0.35624218750000003 0.28361458333333334 0.041859375 0.16347916666666668
0 0.207765625 0.23151041666666666 0.02828125 0.04097916666666667
0 0.1722734375 0.2587291666666667 0.027359375000000002 0.07429166666666666
0 0.1379765625 0.24209375 0.022015625 0.06997916666666668
0 0.2915 0.2671145833333333 0.0315 0.04722916666666667
0 0.6621796875 0.21167708333333332 0.023671875000000002 0.0603125
0 0.3974609375 0.3130625 0.020640625000000003 0.027875
0 0.0380859375 0.23371875 0.024421875000000003 0.035145833333333334
0 0.390625 0.278125 0.35625 0.14791666666666667