0 0.9138004750593826 0.49574999999999997 0.17239904988123514 0.59375
0 0.808895486935867 0.494171875 0.1680522565320665 0.5036562499999999
0 0.7221496437054631 0.48890625 0.13636579572446555 0.46762499999999996
0 0.5168883610451307 0.5578828125 0.28038004750593826 0.773546875
0 0.08301662707838481 0.507328125 0.16603325415676962 0.5615
0 0.17773159144893114 0.43867968749999997 0.14216152019002376 0.422171875
0 0.13942992874109264 0.1302421875 0.08256532066508313 0.093015625
0 0.6569477434679335 0.490765625 0.14866983372921616 0.559125
0 0.3480641330166271 0.6412734375 0.04657957244655582 0.165640625
0 0.5862114014251781 0.2713671875 0.04529691211401425 0.059828124999999996
0 0.8369477434679334 0.13284375 0.07522565320665084 0.08246875000000001
0 0.7306769596199525 0.218984375 0.07076009501187648 0.0688125
0 0.2760570071258907 0.553671875 0.2585748218527316 0.47590625
0 0.4821852731591449 0.38984375 0.9596199524940617 0.7796875