0 0.852515625 0.7354791666666667 0.0848125 0.27416666666666667
0 0.9008515625000001 0.7123020833333332 0.065078125 0.2076875
0 0.768734375 0.6592604166666667 0.03096875 0.10777083333333333
0 0.7826953125 0.6184166666666666 0.016234375000000002 0.03208333333333333
0 0.6134999999999999 0.67390625 0.068 0.12647916666666667
0 0.5858515625 0.6516145833333333 0.020734375 0.09152083333333333
0 0.5310859375 0.6585 0.018171875 0.09254166666666667
0 0.0203203125 0.7319375000000001 0.040171875 0.30404166666666665
0 0.72940625 0.7775000000000001 0.12615625 0.337625
0 0.9898906249999999 0.6808541666666666 0.02021875 0.18025
0 0.6772734375 0.6800520833333333 0.026296874999999997 0.1283125
0 0.2866640625 0.4664270833333333 0.007015625 0.04547916666666666
0 0.8076015625 0.7002708333333333 0.034015625 0.16774999999999998
0 0.78828125 0.796875 0.3265625 0.38125