0 0.710390625 0.8707916666666667 0.17359375 0.23145833333333332
0 0.4371171875 0.82084375 0.080828125 0.3080625
0 0.7114609375 0.6881354166666667 0.027359375000000002 0.1234375
0 0.7511484375 0.6833229166666667 0.036828125 0.13185416666666666
0 0.3612890625 0.6589791666666666 0.026453125 0.08633333333333333
0 0.7729375 0.6655520833333333 0.024531249999999998 0.0878125
0 0.73490625 0.6560729166666667 0.02153125 0.10097916666666666
0 0.7963359375 0.6430625 0.017234375 0.057041666666666664
0 0.786375 0.6297708333333334 0.0089375 0.029375
0 0.7056093750000001 0.6452916666666667 0.0144375 0.050333333333333334
0 0.7719765625 0.61903125 0.010390625 0.023395833333333334
0 0.7145546875 0.6245729166666667 0.008546874999999999 0.015270833333333334
0 0.642234375 0.6040416666666667 0.006812500000000001 0.026500000000000003