0 0.6910546875 0.6516901408450705 0.13760937499999998 0.6966197183098591
0 0.22075 0.5951995305164319 0.11153125 0.5494131455399062
0 0.7427890625 0.35534037558685444 0.087015625 0.16476525821596244
0 0.7550859375 0.2617605633802817 0.121484375 0.1952112676056338
0 0.58134375 0.16082159624413148 0.06371875 0.32164319248826295
0 0.8358515625 0.06066901408450704 0.089765625 0.11922535211267606
0 0.49885156250000007 0.6123591549295775 0.172015625 0.6764084507042253
0 0.6319453125 0.16264084507042254 0.058859375000000005 0.3241549295774648
0 0.432203125 0.2568075117370892 0.08575 0.13943661971830987
0 0.20730468750000003 0.2641549295774648 0.064265625 0.1407981220657277
0 0.12503125 0.2663380281690141 0.0915 0.12131455399061032
0 0.3632421875 0.2713262910798122 0.068578125 0.10302816901408451
0 0.8962031249999999 0.25429577464788733 0.11581250000000001 0.19906103286384977