0 0.34860156249999996 0.5013958333333334 0.055359375 0.1764166666666667
0 0.7445234375 0.38477083333333334 0.068359375 0.10845833333333334
0 0.7750859375 0.16464583333333332 0.030453124999999998 0.062875
0 0.72559375 0.13044791666666666 0.0245 0.05522916666666667
0 0.8960468749999999 0.9775312500000001 0.03378125 0.0449375
0 0.14345312500000001 0.5341875 0.06146875 0.15229166666666666
0 0.41467968749999995 0.2048125 0.024046875000000002 0.042874999999999996
0 0.052054687499999995 0.7265520833333333 0.043515625 0.11527083333333334
0 0.37663281249999997 0.20339583333333336 0.033015625 0.04679166666666667
0 0.38268749999999996 0.12601041666666665 0.024906249999999998 0.06302083333333333
0 0.404203125 0.12113541666666668 0.02521875 0.05364583333333333
0 0.88575 0.9258333333333333 0.040875 0.057291666666666664
0 0.31888281249999995 0.12847916666666667 0.027578125 0.057958333333333334
0 0.4953125 0.4635416666666667 0.9875 0.9270833333333334