0 0.546443661971831 0.5584921875 0.2739671361502347 0.5174218749999999
0 0.8222417840375587 0.40541406250000006 0.08523474178403756 0.067484375
0 0.7360915492957746 0.36989843749999995 0.095 0.072171875
0 0.8643661971830987 0.3215234375 0.06887323943661972 0.064265625
0 0.8310328638497653 0.2950390625 0.05746478873239437 0.056359375
0 0.9086032863849766 0.2844765625 0.055 0.063859375
0 0.860093896713615 0.1725390625 0.03619718309859155 0.050078124999999994
0 0.7243896713615025 0.1649140625 0.07474178403755868 0.095890625
0 0.4533450704225352 0.1690390625 0.0681924882629108 0.059484375
0 0.82268779342723 0.34750000000000003 0.07251173708920187 0.06384375
0 0.5818779342723005 0.198 0.05901408450704226 0.0568125
0 0.3963380281690141 0.14732812499999998 0.05248826291079812 0.04234375
0 0.7399765258215962 0.4499765625 0.1163849765258216 0.08545312499999999
0 0.5 0.30390625 0.9953051643192489 0.6078125