0 0.531953125 0.5281615925058547 0.35162499999999997 0.6171194379391101
0 0.9437890624999999 0.4696604215456674 0.112421875 0.6516861826697892
0 0.7769375000000001 0.49126463700234185 0.0465 0.2439344262295082
0 0.058554687499999994 0.5051639344262294 0.039515625 0.1203512880562061
0 0.1663046875 0.5590749414519907 0.078453125 0.21201405152224825
0 0.22633593749999997 0.5570608899297423 0.070109375 0.20583138173302107
0 0.342515625 0.5424824355971897 0.09509375 0.2020608899297424
0 0.1531875 0.5580093676814989 0.0550625 0.22496487119437938
0 0.27622656250000005 0.5473770491803278 0.114203125 0.19466042154566746
0 0.1889765625 0.48279859484777515 0.019171874999999998 0.048641686182669785
0 0.328765625 0.44088992974238883 0.029406250000000002 0.06772833723653396
0 0.0847265625 0.470304449648712 0.030515625 0.0750351288056206
0 0.178125 0.4832669789227166 0.018625 0.04728337236533958
0 0.44609375 0.40866510538641687 0.8890625 0.5597189695550351