0 0.14462 0.2599866666666667 0.16816 0.20178666666666667
0 0.6770300000000001 0.32181333333333334 0.030420000000000003 0.10842666666666666
0 0.5313900000000001 0.32225333333333334 0.0249 0.12856
0 0.77171 0.3237466666666667 0.03518 0.13416
0 0.51048 0.3155466666666667 0.03352 0.12645333333333333
0 0.60246 0.3340266666666667 0.01728 0.10938666666666667
0 0.67227 0.2654533333333333 0.00954 0.032293333333333334
0 0.72226 0.31178666666666666 0.02044 0.09349333333333334
0 0.95855 0.27782666666666667 0.02966 0.059173333333333335
0 0.44732000000000005 0.3188933333333333 0.030440000000000002 0.09677333333333334
0 0.49041999999999997 0.2932266666666667 0.019280000000000002 0.05354666666666666
0 0.57783 0.33196000000000003 0.027100000000000003 0.1092