0 0.9733984375 0.5971345707656612 0.042046875 0.18359628770301623
0 0.9209687499999999 0.5918329466357309 0.04 0.18645011600928074
0 0.9602265625000002 0.5834686774941996 0.035359375 0.19394431554524363
0 0.84571875 0.5555800464037123 0.030375000000000003 0.16508120649651972
0 0.4452109375 0.3060556844547564 0.026640625 0.09443155452436196
0 0.9836171875000002 0.5072041763341067 0.014265625 0.04522041763341067
0 0.6384765625 0.29401392111368907 0.016828125 0.04904872389791184
0 0.47485156250000005 0.30585846867749417 0.015390625 0.09501160092807426
0 0.487625 0.27247099767981436 0.01959375 0.051856148491879354
0 0.5870625 0.2931554524361949 0.02653125 0.08074245939675173
0 0.39290625 0.3117865429234339 0.02065625 0.08180974477958236