0 0.344088785046729 0.6147812500000001 0.0611214953271028 0.06343750000000001
0 0.6666121495327103 0.7385546875 0.23873831775700935 0.234640625
0 0.08274532710280373 0.63396875 0.08404205607476635 0.2574375
0 0.3420794392523364 0.695046875 0.18817757009345795 0.17359375
0 0.35898364485981304 0.6438671875 0.13259345794392524 0.088015625
0 0.2544392523364486 0.6830234374999999 0.20247663551401868 0.173421875
0 0.8180140186915886 0.7591015625 0.30149532710280375 0.113171875
0 0.5676168224299065 0.7322031250000001 0.1680841121495327 0.22690625
0 0.5938434579439252 0.5617734375000001 0.03464953271028037 0.063234375
0 0.6712266355140187 0.5617421874999999 0.033200934579439255 0.057703125
0 0.7401051401869159 0.5493046875 0.03955607476635514 0.039359375