0 0.75246875 0.574158878504673 0.49506249999999996 0.8292056074766354
0 0.3791953125 0.6708177570093459 0.211671875 0.46929906542056077
0 0.3409140625 0.5409228971962616 0.065640625 0.31133177570093457
0 0.258921875 0.5841121495327103 0.08503125 0.44897196261682243
0 0.20814062500000002 0.6550584112149533 0.11571875000000001 0.4786682242990654
0 0.131953125 0.635642523364486 0.08396875000000001 0.45516355140186915
0 0.389984375 0.46404205607476634 0.08565625 0.12359813084112149
0 0.45727343750000005 0.6737266355140187 0.06929687500000001 0.3096028037383177
0 0.62428125 0.49992990654205605 0.04628125 0.17074766355140186
0 0.306890625 0.4675934579439252 0.025374999999999998 0.08710280373831776
0 0.5087109375 0.6072313084112149 0.042734375000000005 0.3478738317757009
0 0.44409375000000006 0.4894158878504673 0.01675 0.03845794392523365