0 0.46606000000000003 0.28658362989323843 0.01992 0.1682562277580071
0 0.4938 0.31615658362989324 0.0682 0.15281138790035587
0 0.5674499999999999 0.35355871886120993 0.046619999999999995 0.12733096085409254
0 0.54523 0.3106049822064057 0.04018 0.17516014234875443
0 0.86638 0.3277758007117437 0.07764 0.10658362989323843
0 0.8303299999999999 0.3544306049822064 0.051859999999999996 0.09099644128113879
0 0.76201 0.26916370106761567 0.04974 0.10879003558718861
0 0.7081000000000001 0.3408362989323843 0.05924 0.10444839857651246
0 0.6404299999999999 0.3377580071174377 0.06526 0.1097508896797153
0 0.79378 0.3168505338078292 0.06768 0.1600355871886121
0 0.8536699999999999 0.3038256227758007 0.02086 0.04523131672597865
0 0.75961 0.3299110320284697 0.045380000000000004 0.12715302491103203
0 0.54203 0.2683274021352313 0.06374 0.13836298932384342
0 0.431 0.35231316725978645 0.614 0.31316725978647686