0 0.5106718750000001 0.3712441314553991 0.27615625 0.5257276995305165
0 0.4109453125 0.46332159624413144 0.031546875 0.11964788732394366
0 0.33044531250000003 0.4726760563380281 0.039640625 0.10657276995305164
0 0.7754921875 0.4081572769953052 0.025171875 0.09269953051643193
0 0.2413046875 0.4452112676056338 0.019421874999999998 0.05427230046948357
0 0.266671875 0.45010563380281693 0.028375 0.05603286384976526
0 0.7941640624999999 0.42062206572769956 0.020515625000000003 0.10448356807511737
0 0.833015625 0.43672535211267605 0.02853125 0.11518779342723005
0 0.8868124999999999 0.4305633802816901 0.0185 0.033802816901408454
0 0.864109375 0.4429929577464789 0.0220625 0.05805164319248826
0 0.6355078125 0.46104460093896715 0.024765625 0.06997652582159625
0 0.21473437499999998 0.4363028169014085 0.0164375 0.09147887323943661
0 0.7246796874999999 0.4626173708920188 0.028953125000000003 0.07110328638497652
0 0.49453125 0.43661971830985913 0.9453125 0.18779342723004694