0 0.76769 0.6673466666666666 0.07909999999999999 0.14152
0 0.61237 0.4991466666666667 0.03074 0.06613333333333334
0 0.9515800000000001 0.51248 0.02188 0.07642666666666667
0 0.19079 0.48468 0.026019999999999998 0.04274666666666667
0 0.89626 0.44234666666666667 0.00868 0.016640000000000002
0 0.7460399999999999 0.6746533333333333 0.071 0.11501333333333334
0 0.61981 0.6363866666666667 0.08386 0.17725333333333332
0 0.42216999999999993 0.45647999999999994 0.01666 0.037066666666666664
0 0.7718400000000001 0.48728000000000005 0.0188 0.07274666666666667
0 0.19912 0.54396 0.07823999999999999 0.07064
0 0.89012 0.44264000000000003 0.005719999999999999 0.010186666666666667
0 0.92943 0.4473866666666666 0.010539999999999999 0.020906666666666667
0 0.95169 0.45360000000000006 0.01038 0.018773333333333333
0 0.947 0.432 0.102 0.058666666666666666