0 0.6218203125 0.5136458333333334 0.020265625000000002 0.031208333333333334
0 0.3576171875 0.50490625 0.011953125 0.026479166666666668
0 0.5306875 0.5869166666666668 0.0701875 0.17308333333333334
0 0.6340078124999999 0.5587604166666666 0.023484375 0.06964583333333334
0 0.3823046875 0.5185937500000001 0.010421875 0.0370625
0 0.5968671875 0.5955729166666667 0.07664062499999999 0.18889583333333335
0 0.3464296875 0.5057916666666666 0.017109375 0.03791666666666667
0 0.0780859375 0.5146041666666666 0.038953125 0.08279166666666667
0 0.0370625 0.50934375 0.02309375 0.0665625
0 0.056218750000000005 0.5000520833333333 0.017468749999999998 0.04210416666666667
0 0.6648124999999999 0.5803020833333333 0.0354375 0.09547916666666666
0 0.6468906249999999 0.5442083333333333 0.017906250000000002 0.035791666666666666
0 0.36825 0.5059479166666666 0.013500000000000002 0.035562500000000004
0 0.58671875 0.525 0.1484375 0.058333333333333334