0 0.60882 0.7035655737704918 0.16047999999999998 0.3851639344262295
0 0.7838200000000001 0.3730327868852459 0.1102 0.16628415300546448
0 0.104 0.6736748633879781 0.14428 0.41707650273224045
0 0.06884 0.38734972677595625 0.13768 0.1780327868852459
0 0.6691500000000001 0.21562841530054647 0.10737999999999999 0.16289617486338798
0 0.56886 0.17603825136612022 0.10096 0.18191256830601094
0 0.71324 0.14027322404371587 0.0496 0.10065573770491804
0 0.9884200000000001 0.19636612021857924 0.02316 0.12890710382513662
0 0.42888 0.2366120218579235 0.036359999999999996 0.062076502732240434
0 0.9117999999999999 0.6505054644808743 0.09659999999999999 0.2541256830601093
0 0.85389 0.13435792349726774 0.0855 0.12379781420765028
0 0.7779400000000001 0.24065573770491802 0.09495999999999999 0.18448087431693988
0 0.11687 0.26971311475409837 0.15930000000000002 0.39581967213114755
0 0.672 0.13797814207650272 0.528 0.2650273224043716