0 0.6507359813084111 0.9100546875 0.027686915887850466 0.058203125
0 0.43461448598130836 0.8887578125 0.006191588785046729 0.010703124999999999
0 0.560677570093458 0.88853125 0.021822429906542054 0.0235
0 0.25149532710280376 0.9102812499999999 0.04154205607476636 0.0821875
0 0.28011682242990654 0.8776171875 0.015233644859813083 0.014953125000000001
0 0.2963551401869159 0.8754375 0.014672897196261683 0.01840625
0 0.3488668224299065 0.8776171875000001 0.012733644859813084 0.021296875
0 0.3743691588785047 0.8797890625000001 0.0152803738317757 0.028484375
0 0.4076752336448598 0.8821640625 0.013294392523364488 0.021296875
0 0.45643691588785046 0.8843828125 0.013574766355140187 0.032421875
0 0.5272546728971963 0.8900781249999999 0.02161214953271028 0.02103125
0 0.18367990654205607 0.8992968749999999 0.0527803738317757 0.08084375
0 0.7395210280373832 0.8957890624999999 0.012313084112149531 0.027421875000000002
0 0.49883177570093457 0.8859375 0.9976635514018691 0.109375