0 0.44503125 0.8460669975186104 0.21084375 0.2853846153846154
0 0.123109375 0.7644913151364764 0.24337499999999998 0.4426799007444169
0 0.7464296875 0.9292183622828785 0.23064062500000002 0.1146153846153846
0 0.9365937499999999 0.7875682382133995 0.0636875 0.3258560794044665
0 0.8870156250000001 0.924516129032258 0.15184375 0.14456575682382133
0 0.8623749999999999 0.742332506203474 0.1285 0.2954838709677419
0 0.807828125 0.7087468982630273 0.10162500000000001 0.2492059553349876
0 0.9547578124999999 0.6907196029776675 0.067640625 0.20878411910669975
0 0.295734375 0.8292059553349876 0.1613125 0.319106699751861
0 0.7586406250000001 0.8260545905707197 0.106625 0.18263027295285358
0 0.785515625 0.6224441687344913 0.056281250000000005 0.0978908188585608
0 0.6772109375 0.7788585607940447 0.10879687499999999 0.3445161290322581
0 0.155796875 0.6198511166253102 0.03975 0.059702233250620344