0 0.899265625 0.6176748971193415 0.034937499999999996 0.21674897119341566
0 0.8474140625000001 0.5470576131687243 0.009296875 0.08004115226337448
0 0.8846562499999999 0.5274897119341564 0.0121875 0.0811522633744856
0 0.9188281249999999 0.541954732510288 0.008 0.06374485596707818
0 0.9259218749999999 0.535082304526749 0.018125 0.09666666666666666
0 0.8751093749999999 0.542119341563786 0.012625 0.06448559670781893
0 0.8922500000000001 0.530329218106996 0.0088125 0.03440329218106996
0 0.9715 0.6119547325102881 0.02303125 0.1916460905349794
0 0.9914375 0.6163168724279836 0.017125 0.21880658436213993
0 0.9137109375 0.5336625514403293 0.009453125 0.062469135802469135
0 0.768609375 0.4938477366255144 0.0079375 0.025390946502057612
0 0.8295859374999999 0.5517695473251029 0.013828125 0.07481481481481482
0 0.8579609375 0.5430864197530865 0.012453124999999999 0.05786008230452675
0 0.86796875 0.6316872427983539 0.1671875 0.2839506172839506