0 0.5493828125 0.32618749999999996 0.252265625 0.38375
0 0.4093984375 0.23399999999999999 0.177859375 0.26175
0 0.6388125 0.2879479166666667 0.1130625 0.31935416666666666
0 0.8607734375 0.21370833333333336 0.057390624999999994 0.12020833333333333
0 0.25028125 0.3146041666666667 0.33203125 0.6247083333333333
0 0.9549375000000001 0.188875 0.0631875 0.10566666666666666
0 0.9788515624999998 0.15899999999999997 0.042296875 0.15166666666666667
0 0.8809531249999999 0.51134375 0.23809375 0.3197291666666667
0 0.8051328125000001 0.18386458333333333 0.090046875 0.10914583333333333
0 0.34045312499999997 0.22696875000000002 0.12134375 0.1438125
0 0.94859375 0.22808333333333333 0.08825 0.11966666666666666
0 0.8779843749999999 0.14592708333333335 0.027718749999999997 0.0336875
0 0.7726953125 0.163 0.06442187499999999 0.12008333333333333
0 0.37734375 0.18333333333333332 0.0453125 0.10833333333333334