0 0.399375 0.48941666666666667 0.08534375 0.190375
0 0.3915078125 0.6527708333333333 0.103640625 0.2349166666666667
0 0.49535937500000005 0.5407708333333333 0.07284375 0.309625
0 0.1518984375 0.5241770833333333 0.062265625000000005 0.0894375
0 0.30130468749999995 0.47515625 0.062359374999999995 0.12227083333333333
0 0.641421875 0.5390937499999999 0.06593750000000001 0.22264583333333335
0 0.2698671875 0.46315625 0.024765625 0.09477083333333333
0 0.6506796875 0.7821770833333334 0.154078125 0.2747708333333333
0 0.9646093749999999 0.45214583333333336 0.03334375 0.051291666666666666
0 0.5527968750000001 0.49006249999999996 0.0408125 0.15408333333333332
0 0.8366718750000001 0.7571979166666668 0.2074375 0.2777291666666667
0 0.798625 0.6671875 0.094 0.1440833333333333
0 0.7723125000000001 0.6289270833333334 0.05775 0.08931249999999999
0 0.515625 0.5979166666666667 0.88125 0.42083333333333334