0 0.3672439759036145 0.6378 0.07412650602409639 0.14316
0 0.1010090361445783 0.35234000000000004 0.06816265060240964 0.06536
0 0.14579819277108433 0.38125 0.04316265060240964 0.019260000000000003
0 0.04569277108433735 0.48812 0.0877710843373494 0.048920000000000005
0 0.415421686746988 0.38902 0.0794578313253012 0.04168
0 0.9114608433734939 0.6328499999999999 0.05286144578313253 0.08762
0 0.012951807228915662 0.48433 0.025662650602409638 0.047259999999999996
0 0.26102409638554214 0.63242 0.12138554216867468 0.15475999999999998
0 0.4812198795180723 0.39432000000000006 0.05304216867469879 0.0402
0 0.39924698795180724 0.39599 0.0413855421686747 0.02434
0 0.3406777108433735 0.40343 0.07641566265060241 0.03934
0 0.20275602409638555 0.39188 0.06364457831325301 0.044520000000000004
0 0.5719427710843373 0.59521 0.26581325301204817 0.53638
0 0.22289156626506024 0.425 0.41566265060240964 0.202