0 0.4573828125 0.550351288056206 0.327546875 0.6888056206088993
0 0.718171875 0.45011709601873534 0.030625000000000003 0.06121779859484778
0 0.8783593749999999 0.49225995316159255 0.03565625 0.10372365339578454
0 0.9852890624999999 0.5007611241217799 0.029421874999999997 0.09140515222482436
0 0.713578125 0.488688524590164 0.07246875 0.20936768149882906
0 0.9518437499999999 0.49108899297423886 0.0504375 0.1026463700234192
0 0.805375 0.45977751756440277 0.017499999999999998 0.044800936768149884
0 0.8174765625000001 0.45888758782201405 0.010796875000000001 0.0402576112412178
0 0.9045937500000001 0.47275175644028106 0.01278125 0.0251288056206089
0 0.8399140625000001 0.4711709601873536 0.022859375 0.029227166276346604
0 0.9353906250000001 0.4707025761124122 0.02328125 0.041405152224824354
0 0.9145078124999999 0.4743442622950819 0.008203125 0.020679156908665106