0 0.365140625 0.758358585858586 0.21018750000000003 0.48328282828282826
0 0.7720703125 0.7038720538720539 0.10692187500000001 0.3402356902356902
0 0.8406171875 0.6475925925925926 0.06879687500000001 0.2331313131313131
0 0.5014453125 0.7209764309764309 0.107765625 0.33986531986531987
0 0.60096875 0.7102104377104377 0.10325 0.3598821548821549
0 0.636671875 0.6086952861952862 0.061375 0.154023569023569
0 0.9716015625000001 0.7496464646464646 0.056515625 0.42154882154882156
0 0.7405546875 0.57746632996633 0.030953124999999998 0.04782828282828283
0 0.8914765625 0.7092255892255892 0.085546875 0.30774410774410776
0 0.437375 0.606969696969697 0.026375 0.06414141414141414
0 0.7088125 0.6290319865319866 0.04803125 0.14607744107744108
0 0.46268750000000003 0.6125505050505051 0.037875 0.09294612794612794
0 0.9409765624999998 0.6482154882154881 0.060703125000000004 0.21491582491582492
0 0.43671875 0.6212121212121212 0.5234375 0.15824915824915825