0 0.6790234374999999 0.7125208333333333 0.089453125 0.261125
0 0.9568125000000001 0.6605104166666667 0.04034375 0.15160416666666665
0 0.9682265624999999 0.61846875 0.032984374999999996 0.09739583333333333
0 0.9343515625000001 0.6459375 0.020984375 0.15225
0 0.193859375 0.7154895833333333 0.01825 0.16572916666666665
0 0.9945078125 0.65625 0.010984375000000001 0.150875
0 0.976359375 0.6504270833333333 0.01559375 0.15389583333333334
0 0.9089375000000001 0.6496458333333334 0.03075 0.136625
0 0.8925468749999999 0.6493645833333334 0.01815625 0.12639583333333335
0 0.212890625 0.722375 0.043375000000000004 0.18183333333333335
0 0.07715625 0.6428229166666667 0.026937499999999996 0.07135416666666666
0 0.24663281250000005 0.6880624999999999 0.019484375 0.050333333333333334
0 0.1543671875 0.7033645833333334 0.056109374999999996 0.21797916666666667
0 0.41640625 0.6697916666666667 0.6484375 0.13125