0 0.9320703125000002 0.548314393939394 0.130703125 0.8673863636363637
0 0.5021484375 0.4875378787878788 0.019671875 0.19143939393939394
0 0.6862187499999999 0.45590909090909093 0.0211875 0.1572727272727273
0 0.86115625 0.507064393939394 0.03490625 0.2898106060606061
0 0.8211328124999999 0.4727462121212121 0.031828125 0.2321590909090909
0 0.739140625 0.4534848484848485 0.021687500000000002 0.1640909090909091
0 0.325328125 0.47804924242424246 0.014937500000000001 0.09678030303030304
0 0.34128125 0.4701325757575757 0.01515625 0.09223484848484849
0 0.78009375 0.4629924242424242 0.02025 0.17734848484848484
0 0.8046171875000001 0.47153409090909093 0.021828125 0.22253787878787878
0 0.7592265625 0.45988636363636365 0.026171875 0.1806060606060606
0 0.90328125 0.41125 0.03434375 0.11939393939393939
0 0.842390625 0.4753219696969697 0.0200625 0.2551136363636363
0 0.534375 0.5132575757575758 0.75625 0.35984848484848486