0 0.281875 0.7168539325842697 0.15375 0.5438202247191011
0 0.5768984375 0.6953651685393258 0.186234375 0.34230337078651685
0 0.8474453125 0.7372331460674156 0.186953125 0.4705337078651685
0 0.9558984374999999 0.6711657303370786 0.085203125 0.6351404494382022
0 0.149203125 0.614185393258427 0.11978124999999999 0.36865168539325843
0 0.7887890625 0.8759831460674157 0.179546875 0.24803370786516854
0 0.183890625 0.19587078651685394 0.108625 0.3011797752808989
0 0.42160156249999997 0.16772471910112358 0.11851562499999999 0.20331460674157303
0 0.363828125 0.3184691011235955 0.22756249999999997 0.22643258426966292
0 0.21750000000000003 0.2873174157303371 0.07003125 0.22115168539325844
0 0.47246875 0.829620786516854 0.1593125 0.3160393258426966
0 0.065015625 0.6558426966292136 0.12715625 0.5220786516853932
0 0.0939921875 0.48311797752808994 0.117359375 0.2697191011235955
0 0.4515625 0.49859550561797755 0.9 0.9971910112359551