0 0.05982031249999999 0.5458229166666667 0.11964062499999999 0.5122291666666666
0 0.150265625 0.5936145833333334 0.0735 0.34197916666666667
0 0.22381250000000003 0.5427916666666667 0.0625 0.29954166666666665
0 0.35548437499999996 0.5341770833333332 0.10609375000000001 0.3520625
0 0.3162421875 0.423 0.021296875 0.029041666666666667
0 0.439734375 0.434875 0.04084375 0.06779166666666667
0 0.1510078125 0.45564583333333336 0.09323437500000001 0.2490416666666667
0 0.640296875 0.4463020833333333 0.197375 0.28110416666666665
0 0.199015625 0.46215625 0.03125 0.14385416666666667
0 0.9577031250000001 0.5282604166666667 0.08459375 0.22372916666666667
0 0.6478906249999999 0.47782291666666665 0.07109375 0.0915625
0 0.49535156250000006 0.47889583333333335 0.06967187500000001 0.21491666666666667
0 0.47875000000000006 0.5068125 0.07046875 0.19995833333333335
0 0.54609375 0.5427083333333333 0.6234375 0.33958333333333335