0 0.28210156249999996 0.5796370023419204 0.089546875 0.2952927400468384
0 0.2494140625 0.5824473067915691 0.092359375 0.29918032786885246
0 0.49166406249999994 0.5280327868852459 0.046578125 0.23714285714285716
0 0.146328125 0.5431147540983606 0.0351875 0.10318501170960188
0 0.569796875 0.3738524590163934 0.0193125 0.060210772833723655
0 0.0938203125 0.564192037470726 0.065734375 0.283559718969555
0 0.5398046875 0.5080210772833724 0.047671875 0.13107728337236535
0 0.6326328125 0.2988992974238876 0.042609375 0.07358313817330212
0 0.9278281249999999 0.5007259953161592 0.0489375 0.05526932084309134
0 0.8937265625 0.4598711943793911 0.048046875 0.11740046838407495
0 0.21014062500000003 0.540655737704918 0.02065625 0.10262295081967213
0 0.9711171875 0.4642974238875878 0.031796875 0.1194145199063232
0 0.7939453125 0.2844496487119438 0.054796875 0.10562060889929743
0 0.471875 0.4484777517564403 0.940625 0.35362997658079626