0 0.504609375 0.6309921875 0.459609375 0.5602968749999999
0 0.493857421875 0.31139843749999996 0.10697265625 0.095921875
0 0.38472656250000004 0.26980468750000003 0.0494140625 0.050265625
0 0.09922851562500001 0.30177343749999996 0.12583984375 0.197484375
0 0.41031249999999997 0.3056640625 0.141171875 0.163921875
0 0.28251953125 0.319375 0.1415625 0.1695
0 0.1912109375 0.35415625 0.131796875 0.09959375000000001
0 0.206318359375 0.25265624999999997 0.09552734375 0.088
0 0.944580078125 0.4832656249999999 0.11083984375 0.34521875
0 0.532412109375 0.2650234375 0.03119140625 0.118203125
0 0.494775390625 0.2456171875 0.09658203125 0.098046875
0 0.7254296874999999 0.40353125 0.144375 0.45090624999999995
0 0.0400390625 0.33046875 0.080078125 0.1640625