0 0.4747996357012751 0.9135312499999999 0.04646630236794171 0.057343750000000006
0 0.3298633879781421 0.843109375 0.024316939890710383 0.056625
0 0.3947723132969035 0.8519375 0.03151183970856102 0.0540625
0 0.3129052823315118 0.8356562500000001 0.012112932604735884 0.02640625
0 0.9712568306010929 0.8808125 0.04193078324225865 0.054531249999999996
0 0.23775956284153005 0.8399375000000001 0.014681238615664846 0.020125
0 0.8894990892531877 0.9357968750000001 0.03364298724954463 0.0494375
0 0.09112021857923497 0.8535234375 0.0177959927140255 0.041515625
0 0.21569216757741347 0.8401796874999998 0.008105646630236794 0.018515625
0 0.12195810564663023 0.8503593749999998 0.018998178506375227 0.040781250000000005
0 0.5328779599271403 0.864984375 0.017012750455373406 0.02
0 0.27259562841530055 0.83953125 0.018123861566484517 0.018875
0 0.10536429872495447 0.8514609375000001 0.01400728597449909 0.039703125
0 0.36885245901639346 0.84453125 0.6939890710382514 0.0515625