0 0.586734375 0.6773887587822014 0.21006249999999999 0.6433957845433256
0 0.232390625 0.5595433255269321 0.17390624999999998 0.7550585480093678
0 0.1589921875 0.4028571428571428 0.06704687499999999 0.3453864168618267
0 0.045828125 0.7004449648711943 0.09165625 0.5788290398126463
0 0.0780078125 0.555480093676815 0.156015625 0.7227634660421546
0 0.45659374999999996 0.3651990632318501 0.05475 0.1360655737704918
0 0.5192578125 0.3420257611241218 0.041765625 0.07238875878220141
0 0.62403125 0.38699063231850117 0.06953125 0.16217798594847777
0 0.9722890625 0.3626463700234192 0.039734375 0.0935831381733021
0 0.7597343750000001 0.418887587822014 0.0745625 0.07220140515222483
0 0.658578125 0.37120608899297425 0.0208125 0.06236533957845433
0 0.3173125 0.5573653395784544 0.1143125 0.5692037470725996
0 0.81275 0.3711007025761124 0.0548125 0.16782201405152225
0 0.540625 0.3372365339578454 0.859375 0.2810304449648712