0 0.8229609375000001 0.6786525612472161 0.11351562500000001 0.43596881959910916
0 0.9512812500000001 0.5957015590200445 0.047093750000000004 0.17897550111358573
0 0.906453125 0.6034409799554565 0.0571875 0.18046770601336304
0 0.3882109375 0.5245768374164811 0.034078125 0.047728285077951
0 0.097609375 0.5845211581291759 0.0201875 0.08596881959910914
0 0.07268749999999999 0.5869153674832963 0.018687500000000003 0.07757238307349666
0 0.9847578125 0.5751559020044543 0.018078125 0.10946547884187081
0 0.056765625 0.5814587973273941 0.014593749999999999 0.07387527839643653
0 0.1140859375 0.5697438752783964 0.014921875000000001 0.055879732739420936
0 0.8857109375000001 0.5869265033407571 0.018171875 0.14587973273942093
0 0.0801875 0.5564922048997774 0.01490625 0.028975501113585746
0 0.045625 0.5609688195991092 0.013125000000000001 0.044521158129175946
0 0.1550390625 0.5784075723830735 0.013046875 0.06977728285077951
0 0.90234375 0.6525612472160356 0.0359375 0.07126948775055679