0 0.7858750000000001 0.50896875 0.42824999999999996 0.9551458333333334
0 0.433984375 0.6393333333333333 0.32528125 0.6988749999999999
0 0.44885937499999995 0.20834375 0.1556875 0.22322916666666667
0 0.16807031249999999 0.5416666666666666 0.332765625 0.7837916666666668
0 0.8336484375 0.20837500000000003 0.077203125 0.2693333333333333
0 0.8944687499999999 0.11577083333333334 0.05721875 0.13304166666666667
0 0.9046640625 0.1918125 0.117296875 0.29525
0 0.667875 0.22816666666666666 0.26190625 0.23279166666666665
0 0.31153906249999996 0.22713541666666667 0.12185937499999999 0.1764375
0 0.5852421875 0.24227083333333332 0.037859375 0.057708333333333334
0 0.8607734375000001 0.09407291666666667 0.047109374999999995 0.09797916666666667