0 0.5721875 0.5558124999999999 0.12303125 0.5325833333333333
0 0.2526953125 0.41372916666666665 0.063453125 0.11970833333333333
0 0.07668749999999999 0.6426979166666666 0.15337499999999998 0.6876458333333333
0 0.7643671875 0.38603125 0.09310937500000001 0.1578125
0 0.9366875 0.3994583333333333 0.05909375 0.19183333333333333
0 0.667078125 0.46679166666666666 0.07731249999999999 0.28362499999999996
0 0.850984375 0.3954270833333334 0.04796875 0.16518750000000001
0 0.4541015625 0.37430208333333337 0.024953125 0.06064583333333333
0 0.696765625 0.4574479166666666 0.046406249999999996 0.2795625
0 0.23553125000000003 0.61846875 0.16071875 0.4876875
0 0.3360390625 0.5584479166666667 0.10714062499999999 0.40518750000000003
0 0.8806953125 0.3333020833333333 0.039171875 0.06577083333333333
0 0.5244531250000001 0.44157291666666665 0.0366875 0.29210416666666666
0 0.58359375 0.3385416666666667 0.4328125 0.08541666666666667