0 0.6986875 0.652235294117647 0.026937499999999996 0.1332705882352941
0 0.666921875 0.6620470588235294 0.04246875 0.1403764705882353
0 0.5898125 0.6429058823529412 0.0420625 0.1432235294117647
0 0.5628749999999999 0.6130470588235295 0.028000000000000004 0.12825882352941176
0 0.5360625 0.5759176470588235 0.021374999999999998 0.057811764705882354
0 0.5197890624999999 0.569635294117647 0.018421874999999997 0.04416470588235294
0 0.0893359375 0.8762352941176471 0.148890625 0.2475294117647059
0 0.9049921875000001 0.6728823529411765 0.042859375 0.1632705882352941
0 0.0898359375 0.7067764705882352 0.082265625 0.3852235294117647
0 0.1686796875 0.7394823529411764 0.086109375 0.34503529411764705
0 0.06384375 0.5623882352941176 0.022093750000000002 0.05555294117647059
0 0.027460937499999998 0.6513529411764706 0.048421874999999996 0.26143529411764704
0 0.37676562500000005 0.5697411764705882 0.01909375 0.07750588235294117
0 0.46875 0.7329411764705882 0.928125 0.5294117647058824