0 0.13670312499999998 0.5509579439252337 0.23184375 0.4552336448598131
0 0.5548984375 0.40047897196261684 0.131453125 0.31787383177570094
0 0.64 0.4244158878504673 0.15509375 0.40528037383177573
0 0.8035703125 0.3377102803738318 0.109453125 0.24205607476635513
0 0.6664296875 0.11122663551401868 0.020953125 0.04114485981308411
0 0.24796093749999998 0.4280841121495327 0.144265625 0.447196261682243
0 0.846078125 0.6865186915887851 0.3035625 0.6044859813084112
0 0.200625 0.14197429906542056 0.09081249999999999 0.2839485981308411
0 0.27440624999999996 0.08031542056074767 0.05765625 0.16063084112149534
0 0.41067187499999996 0.14267523364485982 0.04409375 0.1410981308411215
0 0.05921093749999999 0.19271028037383178 0.066171875 0.2630373831775701
0 0.305859375 0.2116822429906542 0.0645 0.2972429906542056
0 0.41587500000000005 0.5866471962616823 0.2098125 0.5565186915887851
0 0.5 0.26635514018691586 0.996875 0.5327102803738317