0 0.2068359375 0.5518333333333333 0.369953125 0.8699583333333333
0 0.3353203125 0.4825833333333333 0.19042187500000002 0.478
0 0.6088437499999999 0.61140625 0.3069375 0.7771875
0 0.7660078125 0.5681666666666667 0.466859375 0.8404583333333334
0 0.4488359375 0.6191458333333333 0.159015625 0.7617083333333333
0 0.38346093750000004 0.39285416666666667 0.090578125 0.22466666666666668
0 0.2180546875 0.34621875 0.063828125 0.1006875
0 0.9329921874999998 0.35153125 0.055640625 0.09356249999999999
0 0.8855078125 0.3406458333333333 0.044484375 0.09979166666666667
0 0.6422578124999999 0.36775 0.045390625000000004 0.08316666666666667
0 0.9747187499999999 0.35944791666666664 0.050562499999999996 0.1021875
0 0.690328125 0.3985625 0.08175 0.08112499999999999