0 0.8239485981308412 0.40661718750000003 0.3060280373831775 0.365984375
0 0.10463785046728971 0.37885937500000005 0.20927570093457942 0.4018125
0 0.5775817757009345 0.6109218750000001 0.6432476635514018 0.77815625
0 0.1950817757009346 0.0769765625 0.16726635514018692 0.07670312500000001
0 0.8200000000000001 0.07215625 0.10149532710280373 0.06737499999999999
0 0.9345794392523364 0.0711171875 0.09214953271028037 0.070421875
0 0.08835280373831775 0.06292968750000001 0.04091121495327103 0.05014062500000001
0 0.5246378504672897 0.069328125 0.1258177570093458 0.056281250000000005
0 0.306588785046729 0.057374999999999995 0.12126168224299065 0.04746875
0 0.04567757009345794 0.0633203125 0.09014018691588785 0.053078125
0 0.6776869158878503 0.0771796875 0.07285046728971963 0.06742187499999999