0 0.38425000000000004 0.31393867924528307 0.131625 0.3202358490566038
0 0.43912499999999993 0.4475353773584906 0.11971875000000001 0.26681603773584905
0 0.5471171874999999 0.8337028301886793 0.192046875 0.30561320754716986
0 0.5112265625 0.3333608490566038 0.08204687499999999 0.2322877358490566
0 0.7693828125 0.7024174528301886 0.160765625 0.4067688679245283
0 0.6999453125 0.12261792452830189 0.062234374999999995 0.2442924528301887
0 0.86390625 0.36074292452830187 0.173375 0.41308962264150945
0 0.2003828125 0.8345754716981132 0.22082812500000001 0.3012264150943396
0 0.2987578125 0.6131603773584906 0.14454687500000002 0.37820754716981136
0 0.3642890625 0.13996462264150944 0.074078125 0.22191037735849056
0 0.2289453125 0.25515330188679247 0.130609375 0.5075707547169811
0 0.1463359375 0.23659198113207547 0.163578125 0.47318396226415094
0 0.5704843749999999 0.1609551886792453 0.10690625000000001 0.2288443396226415
0 0.5 0.4410377358490566 0.996875 0.8773584905660378