0 0.9015234375000001 0.2810032894736842 0.032828125 0.08427631578947369
0 0.9396875 0.33123355263157894 0.03528125 0.0813157894736842
0 0.926390625 0.3011101973684211 0.01809375 0.030411184210526312
0 0.9545078124999999 0.2944654605263158 0.038015625 0.032779605263157895
0 0.06349218749999999 0.3133799342105263 0.018234375 0.03564144736842106
0 0.8525703124999999 0.31138980263157895 0.014109374999999999 0.04034539473684211
0 0.8684296875000002 0.28412828947368424 0.013953125 0.01625
0 0.11914843750000001 0.3055016447368421 0.013171875 0.021233552631578948
0 0.030046875 0.2953700657894737 0.01259375 0.0209375
0 0.08647656249999999 0.28106085526315794 0.007671875 0.016529605263157898
0 0.07382031250000001 0.3046875 0.015328125000000001 0.016611842105263157
0 0.9415234375000001 0.2841036184210526 0.008203125 0.0253125
0 0.12448437500000001 0.2775411184210526 0.00478125 0.016661184210526318
0 0.49296875 0.2911184210526316 0.9859375 0.05263157894736842