0 0.5695592705167173 0.4651015625 0.519726443768997 0.6776093750000001
0 0.7561854103343465 0.35890625000000004 0.15553191489361703 0.11081250000000001
0 0.18965045592705165 0.33003125 0.1788145896656535 0.095875
0 0.050364741641337384 0.33040625 0.1003647416413374 0.10006250000000001
0 0.7195744680851064 0.07407812500000001 0.1998176291793313 0.1165
0 0.11351063829787233 0.1538203125 0.22702127659574467 0.125703125
0 0.34490881458966566 0.07846875 0.15407294832826748 0.15571875
0 0.4683282674772037 0.051578124999999996 0.125531914893617 0.091
0 0.6954559270516718 0.2378515625 0.1280547112462006 0.099671875
0 0.5717325227963526 0.045609375 0.15161094224924013 0.08959375
0 0.9430395136778115 0.357171875 0.1139209726443769 0.1119375
0 0.2866565349544073 0.3260703125 0.09793313069908814 0.111328125
0 0.8560182370820668 0.3202421875 0.08711246200607903 0.076046875
0 0.8267477203647416 0.2265625 0.3404255319148936 0.296875