0 0.3105058823529412 0.60684375 0.4237882352941177 0.3623125
0 0.40752941176470586 0.25325781249999996 0.36418823529411765 0.368078125
0 0.1708470588235294 0.2999921875 0.11298823529411765 0.451109375
0 0.9080117647058823 0.2936484375 0.1839764705882353 0.321671875
0 0.7743411764705883 0.1474765625 0.13291764705882353 0.177984375
0 0.6712470588235293 0.15687500000000001 0.21096470588235294 0.1420625
0 0.1305764705882353 0.6013515625 0.2543764705882353 0.797296875
0 0.27561176470588233 0.21510156249999998 0.21291764705882352 0.393640625
0 0.6082235294117647 0.8442187500000001 0.6447294117647059 0.30825
0 0.10057647058823531 0.2257734375 0.15385882352941177 0.315578125
0 0.9714117647058823 0.1792578125 0.057176470588235294 0.10895312500000001
0 0.6305882352941177 0.2641640625 0.19858823529411765 0.22726562499999997
0 0.7604235294117646 0.31953906249999997 0.1948235294117647 0.199640625
0 0.4988235294117647 0.29453125 0.9976470588235294 0.5328125