0 0.1111484375 0.6511458333333333 0.083390625 0.28020833333333334
0 0.21934375 0.5938854166666666 0.021124999999999998 0.07793749999999999
0 0.68215625 0.6019270833333332 0.040531250000000005 0.09747916666666666
0 0.35060156249999996 0.6016145833333333 0.021484375 0.07585416666666665
0 0.36609375 0.59103125 0.01978125 0.09577083333333333
0 0.4474765625 0.5874375 0.017515625 0.04429166666666667
0 0.6425703125 0.5880833333333333 0.013796875 0.04541666666666667
0 0.51696875 0.5994270833333334 0.02046875 0.11197916666666667
0 0.531140625 0.5923333333333335 0.01796875 0.07695833333333332
0 0.50653125 0.61575 0.03534375 0.11624999999999999
0 0.7179375 0.6088854166666666 0.0360625 0.12477083333333333
0 0.779984375 0.5929166666666668 0.0210625 0.08141666666666666
0 0.32921875 0.6063020833333334 0.01153125 0.043145833333333335
0 0.503125 0.6083333333333333 0.990625 0.14583333333333334