0 0.26114 0.7283865814696486 0.02016 0.08635782747603835
0 0.38421999999999995 0.671150159744409 0.0188 0.06038338658146965
0 0.58016 0.6661661341853035 0.01252 0.04511182108626198
0 0.48857 0.7228274760383386 0.0159 0.06354632587859425
0 0.69867 0.6754472843450479 0.0145 0.03690095846645368
0 0.78969 0.7045846645367412 0.01438 0.06853035143769967
0 0.9165399999999999 0.6705750798722044 0.01176 0.053993610223642165
0 0.48299000000000003 0.6783706070287541 0.011380000000000001 0.06083067092651757
0 0.27189 0.6711182108626198 0.02258 0.021150159744408946
0 0.34512 0.6672204472843449 0.018879999999999997 0.06977635782747604
0 0.15950999999999999 0.7004952076677317 0.02622 0.07095846645367412
0 0.35965 0.6777795527156549 0.01822 0.05453674121405751
0 0.43756 0.668849840255591 0.01592 0.042619808306709264
0 0.242 0.7140575079872205 0.016 0.06070287539936102