0 0.70646875 0.47669791666666667 0.0469375 0.13410416666666666
0 0.9344374999999999 0.5652812500000001 0.0775 0.27914583333333337
0 0.891421875 0.5427916666666667 0.06665625 0.2830416666666667
0 0.6353906250000001 0.47865625 0.0471875 0.12135416666666667
0 0.60690625 0.4879583333333333 0.03390625 0.13641666666666669
0 0.7806796874999999 0.5218645833333333 0.031890625 0.08927083333333334
0 0.5091249999999999 0.48632291666666666 0.0459375 0.11997916666666668
0 0.3990078125 0.5327708333333334 0.044015625 0.20149999999999998
0 0.12978125000000001 0.4943854166666667 0.2528125 0.9887708333333334
0 0.348234375 0.5430312500000001 0.042749999999999996 0.19002083333333333
0 0.43443750000000003 0.5428229166666667 0.03746875 0.19347916666666667
0 0.3225078125 0.5434791666666666 0.047828125 0.18054166666666666