0 0.7728125 0.7079305555555555 0.16770833333333332 0.2505833333333333
0 0.6478125 0.5678472222222222 0.10733333333333334 0.18580555555555556
0 0.5858749999999999 0.5245972222222222 0.06616666666666667 0.18991666666666668
0 0.27460416666666665 0.6275555555555556 0.2029166666666667 0.35744444444444445
0 0.29708333333333337 0.7791944444444444 0.2981666666666667 0.43583333333333335
0 0.6866145833333335 0.8255277777777777 0.3282291666666667 0.34894444444444445
0 0.3404375 0.5385416666666667 0.07616666666666667 0.18130555555555555
0 0.44396875 0.47922222222222227 0.11152083333333333 0.14733333333333334
0 0.880625 0.81 0.23875 0.38
0 0.296375 0.47805555555555557 0.11520833333333333 0.15811111111111112
0 0.6859583333333334 0.49943055555555554 0.087125 0.07291666666666667