0 0.66275 0.612434869739479 0.03771875 0.15969939879759518
0 0.7496328125 0.6311723446893789 0.033328125 0.11464929859719439
0 0.46477343750000005 0.5421042084168336 0.011640625 0.07470941883767536
0 0.791328125 0.601503006012024 0.0301875 0.15034068136272544
0 0.9006093750000002 0.5131462925851703 0.014687500000000001 0.04677354709418838
0 0.5584687500000001 0.534689378757515 0.0208125 0.06881763527054109
0 0.5273749999999999 0.5286773547094188 0.01559375 0.06541082164328657
0 0.3793359375 0.5114128256513026 0.014421875 0.03717434869739479
0 0.7754218749999999 0.6194789579158316 0.0255625 0.13162324649298598
0 0.865828125 0.5135170340681363 0.04328125 0.05356713426853708
0 0.7543515625 0.5144488977955911 0.014359374999999999 0.02909819639278557
0 0.5005390624999999 0.534749498997996 0.016828125 0.06308617234468938
0 0.543734375 0.5300300601202405 0.0099375 0.04783567134268537
0 0.56015625 0.5090180360721442 0.8203125 0.1282565130260521