0 0.47188281249999997 0.3370794392523364 0.120234375 0.45841121495327103
0 0.8430625 0.35661214953271025 0.10590625000000001 0.23172897196261683
0 0.6078906249999999 0.8314602803738318 0.1698125 0.3101168224299065
0 0.68603125 0.7404439252336448 0.17281249999999998 0.45616822429906545
0 0.4707734375 0.806588785046729 0.195890625 0.3868224299065421
0 0.326125 0.8004439252336449 0.23240625 0.372196261682243
0 0.152484375 0.7698130841121495 0.17734375 0.4603738317757009
0 0.054976562500000006 0.8051869158878505 0.10995312500000001 0.36485981308411214
0 0.234953125 0.48707943925233643 0.1429375 0.4203271028037383
0 0.40257031249999997 0.5789018691588785 0.11664062500000001 0.4274299065420561
0 0.5534921875000001 0.5050116822429906 0.121703125 0.2032943925233645
0 0.7003046875 0.5325817757009346 0.090171875 0.30563084112149536
0 0.5826953125 0.2833878504672897 0.073515625 0.2228504672897196
0 0.5 0.49883177570093457 0.996875 0.9976635514018691