0 0.9061087866108787 0.4084140625 0.1877824267782427 0.338734375
0 0.13752092050209205 0.6494296875 0.2666317991631799 0.188296875
0 0.08832635983263598 0.443671875 0.17665271966527196 0.26896875
0 0.7913179916317992 0.435953125 0.23468619246861927 0.37303125000000004
0 0.19350418410041842 0.420078125 0.05822175732217573 0.1430625
0 0.25035564853556486 0.3977890625 0.09355648535564853 0.077734375
0 0.6493619246861925 0.4418203125 0.21918410041841002 0.204640625
0 0.5398953974895397 0.41130468750000004 0.120418410041841 0.147859375
0 0.6357531380753138 0.3366328125 0.0497071129707113 0.036421875
0 0.7333577405857741 0.3555078125 0.09638075313807531 0.141984375
0 0.2826673640167364 0.3935625 0.049853556485355645 0.05434375
0 0.15959205020920503 0.4278203125 0.06127615062761506 0.146640625
0 0.9271234309623431 0.6171875 0.14575313807531382 0.1015625
0 0.4382845188284519 0.3828125 0.8723849372384938 0.2375