0 0.522625 0.7289695550351287 0.09390625 0.2052927400468384
0 0.5643046875 0.37884074941451995 0.029890624999999997 0.1251288056206089
0 0.8608828125000001 0.4924238875878221 0.065703125 0.14662763466042156
0 0.7360234375 0.27771662763466043 0.035359375 0.072903981264637
0 0.6092265625000001 0.3929274004683841 0.026921875 0.1019672131147541
0 0.21739843749999999 0.6981967213114754 0.08695312499999999 0.19325526932084308
0 0.7092421875 0.1997306791569087 0.021015625 0.032388758782201404
0 0.0439453125 0.39750585480093675 0.028109375 0.09107728337236534
0 0.621171875 0.4572599531615925 0.044437500000000005 0.157096018735363
0 0.67125 0.19414519906323185 0.02146875 0.04426229508196721
0 0.13939062500000002 0.43166276346604215 0.0371875 0.09194379391100702
0 0.50209375 0.18832552693208432 0.030656250000000003 0.05187353629976581
0 0.7833515625 0.1552927400468384 0.019921875 0.03278688524590164
0 0.5 0.30562060889929743 0.996875 0.6112412177985949