0 0.337046875 0.5108732057416269 0.23781249999999998 0.30452153110047847
0 0.978890625 0.44393540669856457 0.02653125 0.046291866028708134
0 0.1704921875 0.2229665071770335 0.0053906250000000005 0.01923444976076555
0 0.221203125 0.22300239234449762 0.0093125 0.025382775119617222
0 0.48577343750000007 0.5207535885167464 0.021828125 0.026961722488038277
0 0.0501953125 0.6246291866028707 0.009546875 0.03791866028708134
0 0.21077343750000002 0.22345693779904308 0.006234375 0.0165311004784689
0 0.0045625 0.6508492822966507 0.009125 0.034952153110047846
0 0.9557968750000001 0.48604066985645933 0.02496875 0.12595693779904304
0 0.991828125 0.4863277511961722 0.01634375 0.12456937799043062
0 0.0416171875 0.6203827751196173 0.007171874999999999 0.030239234449760767
0 0.0094453125 0.6558373205741627 0.0031718749999999998 0.029856459330143543
0 0.901140625 0.05600478468899522 0.0039375 0.01665071770334928
0 0.73515625 0.284688995215311 0.5140625 0.5454545454545454