0 0.27556250000000004 0.6898854166666666 0.2545 0.5932708333333333
0 0.40384374999999995 0.6364375 0.17790625 0.41808333333333336
0 0.5421015625 0.6630208333333333 0.111890625 0.6129583333333334
0 0.6446328125 0.6385625 0.099796875 0.4815
0 0.6920312500000001 0.6140833333333333 0.064625 0.41225
0 0.2489609375 0.368875 0.06085937500000001 0.06054166666666667
0 0.43899218749999996 0.628375 0.094359375 0.5010833333333333
0 0.5979140625 0.5059166666666666 0.064578125 0.24875
0 0.41334375 0.4103541666666667 0.06159375 0.12020833333333333
0 0.166375 0.5503229166666667 0.07403125 0.17693750000000003
0 0.3158671875 0.44484375000000004 0.06035937500000001 0.16822916666666668
0 0.06671875 0.5967395833333333 0.1255 0.1701875