0 0.4237939110070258 0.6165703125 0.1874473067915691 0.41517187499999997
0 0.1519320843091335 0.3589296875 0.07482435597189695 0.070015625
0 0.6687470725995316 0.208921875 0.03978922716627634 0.024125
0 0.7068618266978922 0.11963281249999999 0.11943793911007025 0.078015625
0 0.8833255269320843 0.21351562500000001 0.030304449648711942 0.02403125
0 0.9461241217798595 0.205015625 0.10292740046838408 0.11628125
0 0.8701639344262295 0.1803203125 0.06810304449648712 0.063734375
0 0.9318735362997659 0.11725000000000001 0.07540983606557378 0.05696875
0 0.860304449648712 0.11752343750000001 0.07573770491803279 0.063765625
0 0.7453864168618267 0.21207812499999998 0.06782201405152224 0.021124999999999998
0 0.2810304449648712 0.35007812499999996 0.06800936768149883 0.09425
0 0.7726346604215457 0.1980078125 0.08194379391100703 0.050984375000000005