0 0.059484375 0.15277083333333336 0.051312500000000004 0.15841666666666668
0 0.21705468749999998 0.10493749999999999 0.057734375000000004 0.16995833333333332
0 0.156640625 0.25023958333333335 0.06165625 0.24185416666666668
0 0.273609375 0.13158333333333333 0.0708125 0.16979166666666667
0 0.11270312499999999 0.26962499999999995 0.07175000000000001 0.2445
0 0.5706249999999999 0.18555208333333334 0.041281250000000005 0.08122916666666667
0 0.601609375 0.17559375 0.039218750000000004 0.09202083333333334
0 0.40569531249999996 0.20175 0.053109375 0.08695833333333333
0 0.30045312500000004 0.17008333333333334 0.0318125 0.08516666666666667
0 0.6293359375 0.25246875 0.046203125 0.17664583333333334
0 0.7950468749999999 0.28120833333333334 0.02996875 0.11245833333333333
0 0.341203125 0.15784375 0.05090625 0.10660416666666667
0 0.393953125 0.15901041666666668 0.037 0.050312499999999996
0 0.49921875 0.3697916666666667 0.9984375 0.7395833333333334