0 0.345421875 0.47459375000000004 0.211 0.4936041666666667
0 0.5207109375 0.3154791666666667 0.067140625 0.087875
0 0.5798203125 0.30829166666666663 0.063671875 0.09925
0 0.6513828125 0.3045625 0.060390624999999996 0.11074999999999999
0 0.8643203125 0.27929166666666666 0.066453125 0.09895833333333333
0 0.8889921875000001 0.17619791666666668 0.053015625 0.09660416666666666
0 0.7937578125 0.30313541666666666 0.072546875 0.12647916666666667
0 0.1686953125 0.36344791666666665 0.06982812499999999 0.3497708333333333
0 0.6346015625000001 0.2678229166666667 0.042109375 0.08389583333333334
0 0.67728125 0.23548958333333334 0.0550625 0.10810416666666667
0 0.7322421875 0.2668333333333333 0.06932812499999999 0.09479166666666666
0 0.83575 0.20029166666666667 0.045 0.10841666666666666
0 0.2954453125 0.24572916666666664 0.07710937500000001 0.174375
0 0.49921875 0.28020833333333334 0.9984375 0.5604166666666667