0 0.32160937500000003 0.6808201058201059 0.02021875 0.03661375661375661
0 0.44917968750000004 0.7170370370370369 0.027515625 0.04608465608465609
0 0.2423125 0.6121031746031746 0.030125000000000002 0.034206349206349206
0 0.1930234375 0.47298941798941807 0.009890625 0.011005291005291006
0 0.1815703125 0.5577248677248677 0.013703125 0.013121693121693121
0 0.866046875 0.43244708994708997 0.00196875 0.020026455026455028
0 0.8442343749999999 0.41957671957671966 0.008 0.02275132275132275
0 0.2335703125 0.5800132275132275 0.009515625 0.02738095238095238
0 0.44202343749999995 0.8800661375661376 0.07614062499999999 0.04298941798941799
0 0.39178906249999995 0.45149470899470906 0.008828125000000001 0.005582010582010581
0 0.4484296875 0.4915211640211641 0.0044531250000000005 0.013042328042328041
0 0.20832812499999998 0.49578042328042327 0.025718750000000002 0.016428571428571428
0 0.59609375 0.43783068783068785 0.7546875 0.12962962962962962