0 0.541796875 0.3857995495495496 0.0915625 0.24804054054054053
0 0.5917734375 0.41081081081081083 0.086171875 0.34112612612612614
0 0.5024453125 0.3694932432432433 0.041296875 0.24659909909909908
0 0.6242109375 0.17748873873873874 0.049171875 0.1211936936936937
0 0.2218203125 0.2914189189189189 0.013015625 0.07896396396396396
0 0.5051171875 0.1686599099099099 0.016046875 0.035202702702702704
0 0.4831171875 0.17190315315315316 0.027953125000000002 0.03051801801801802
0 0.6718515625 0.17011261261261262 0.041953125 0.13252252252252253
0 0.5931484375 0.14852477477477477 0.020109375 0.052364864864864864
0 0.5601953125000001 0.19382882882882885 0.040015625 0.11193693693693695
0 0.2511484375 0.2791666666666666 0.020828125 0.03936936936936937
0 0.40546875 0.19256756756756757 0.8078125 0.20495495495495494