0 0.851765625 0.8767291666666668 0.0733125 0.2465416666666667
0 0.8008671875000001 0.89534375 0.048296875 0.20214583333333333
0 0.7485234375 0.8852291666666666 0.083859375 0.22954166666666667
0 0.673546875 0.8594687499999999 0.0831875 0.2810625
0 0.503078125 0.8650729166666667 0.0890625 0.12347916666666667
0 0.4446328125 0.8402604166666666 0.073828125 0.25727083333333334
0 0.368953125 0.8315 0.065625 0.29808333333333337
0 0.062828125 0.8210625 0.0390625 0.13666666666666666
0 0.0724765625 0.785375 0.041234375000000004 0.15716666666666665
0 0.2877265625 0.8334270833333334 0.093171875 0.08364583333333334
0 0.16607031249999998 0.8225416666666666 0.042453125 0.09358333333333334
0 0.1113671875 0.7946458333333334 0.037578125000000004 0.06899999999999999
0 0.2447890625 0.7997291666666667 0.051171875 0.10041666666666667
0 0.49921875 0.665625 0.9859375 0.5520833333333334