0 0.5348333333333334 0.40715625000000005 0.14941666666666667 0.40093750000000006
0 0.5917708333333334 0.14820312500000002 0.12662500000000002 0.25671875
0 0.8501250000000001 0.26754687499999996 0.2326666666666667 0.39596875
0 0.7986041666666668 0.11756250000000001 0.13970833333333335 0.153875
0 0.9012083333333333 0.48343749999999996 0.19566666666666668 0.6856875
0 0.9394583333333333 0.13387500000000002 0.0935 0.1655
0 0.25587499999999996 0.231734375 0.1225 0.28821875
0 0.16697916666666668 0.33146875 0.207375 0.4065625
0 0.3969791666666666 0.21573437499999998 0.12804166666666666 0.23390624999999998
0 0.059229166666666666 0.244921875 0.11845833333333333 0.31178125
0 0.3384583333333333 0.184546875 0.08366666666666665 0.22915625
0 0.3395208333333333 0.554171875 0.37145833333333333 0.5717187499999999
0 0.48125 0.053125 0.6291666666666667 0.1