0 0.5162708333333333 0.3543359375 0.03141666666666667 0.098859375
0 0.42232291666666666 0.361515625 0.0539375 0.10984374999999999
0 0.38503125 0.3444296875 0.04760416666666667 0.092515625
0 0.3958645833333333 0.3316484375 0.03364583333333333 0.098421875
0 0.34658333333333335 0.34825 0.048125 0.10040625
0 0.6768020833333332 0.373140625 0.05739583333333333 0.11940625
0 0.5645729166666666 0.34040624999999997 0.012437499999999999 0.039
0 0.443875 0.3472109375 0.06325 0.11192187499999999
0 0.09267708333333333 0.297171875 0.03252083333333333 0.02971875
0 0.039260416666666666 0.314171875 0.029437500000000002 0.050562499999999996
0 0.62609375 0.3738359375 0.043729166666666666 0.118109375
0 0.5548958333333334 0.3692578125 0.061875 0.11014062499999999