0 0.670109375 0.7227222222222223 0.042749999999999996 0.22333333333333336
0 0.7685703125 0.6723194444444445 0.034078125 0.14780555555555555
0 0.8149609375000001 0.7009583333333333 0.057359375000000004 0.16586111111111113
0 0.8805625000000001 0.6844722222222223 0.02415625 0.10738888888888888
0 0.9027890624999999 0.6390833333333333 0.021453125 0.052333333333333336
0 0.9393515625 0.6515833333333333 0.026671875 0.09816666666666668
0 0.87853125 0.618986111111111 0.01509375 0.029916666666666664
0 0.6352890625 0.6451250000000001 0.009390625 0.034083333333333334
0 0.6076171875 0.6433888888888889 0.004640625000000001 0.030166666666666665
0 0.6005625 0.6432222222222223 0.007375 0.035111111111111114
0 0.6285390625 0.6411666666666667 0.007890625 0.03322222222222222
0 0.612515625 0.6425416666666667 0.0098125 0.03386111111111111