0 0.5034296875000001 0.3507126168224299 0.072953125 0.134696261682243
0 0.8293671875000002 0.4591822429906542 0.011609375 0.02009345794392523
0 0.548109375 0.5466355140186916 0.005093749999999999 0.010654205607476635
0 0.5428203125000001 0.5575584112149532 0.009734375 0.03212616822429906
0 0.49834375 0.5614836448598131 0.006562500000000001 0.01600467289719626
0 0.15239843749999998 0.732161214953271 0.008796875 0.028714953271028035
0 0.388640625 0.6000233644859813 0.0085625 0.02275700934579439
0 0.40493749999999995 0.6280257009345794 0.00571875 0.02044392523364486
0 0.1603671875 0.7965771028037383 0.012921875 0.02572429906542056
0 0.147875 0.7899182242990656 0.014374999999999999 0.030864485981308414
0 0.5317890624999999 0.5620210280373832 0.012515624999999999 0.030303738317757012