0 0.46385156250000004 0.5863229166666667 0.128515625 0.47610416666666666
0 0.8491406250000001 0.6515208333333333 0.056843750000000005 0.13433333333333333
0 0.9054296875000001 0.6644166666666667 0.060765625000000004 0.1869583333333333
0 0.6807187499999999 0.6331666666666667 0.07853125 0.1335
0 0.5540468749999999 0.5926979166666667 0.037343749999999995 0.0646875
0 0.5845703125 0.5911145833333333 0.033796875 0.0568125
0 0.20617187499999998 0.6982812499999999 0.0546875 0.2733125
0 0.099640625 0.6452291666666666 0.04928125 0.14220833333333335
0 0.521828125 0.58578125 0.013750000000000002 0.04302083333333333
0 0.6275078125 0.6046250000000001 0.052046875000000006 0.08195833333333334
0 0.815609375 0.6959583333333333 0.043437500000000004 0.21241666666666664
0 0.055515625 0.7883125 0.11103125 0.423375