0 0.22608593750000003 0.5103058823529412 0.44917187500000005 0.9568941176470589
0 0.43997656250000006 0.5205529411764707 0.439234375 0.926
0 0.58646875 0.5415764705882352 0.2895 0.8898823529411765
0 0.739078125 0.4673529411764706 0.222625 0.5616235294117647
0 0.676171875 0.20771764705882353 0.032468750000000005 0.09355294117647059
0 0.908328125 0.37530588235294116 0.13346875 0.5342823529411764
0 0.945109375 0.2651294117647059 0.10978125000000001 0.5024000000000001
0 0.8320624999999999 0.31849411764705887 0.19853125 0.19929411764705884
0 0.6598046875 0.5169176470588235 0.24401562499999999 0.7754823529411764
0 0.8636250000000001 0.14796470588235294 0.09290625 0.2176235294117647
0 0.7783046875 0.2757294117647059 0.094828125 0.22609411764705883