0 0.2283125 0.55099609375 0.4350625 0.7528125
0 0.8251171874999998 0.715693359375 0.34976562499999997 0.45958984375
0 0.6726484375 0.234306640625 0.147078125 0.20853515625
0 0.649328125 0.108740234375 0.07893750000000001 0.15470703125
0 0.570828125 0.19556640625 0.08065625 0.17828125
0 0.5415390625 0.26053710937499996 0.114671875 0.15150390625
0 0.44060156250000004 0.192275390625 0.128171875 0.19482421875
0 0.5104453125 0.092939453125 0.12701562500000002 0.17732421875
0 0.6573593750000001 0.07756835937499999 0.14465625 0.15103515625
0 0.9224218749999998 0.20521484375 0.13765624999999998 0.1780078125
0 0.046117187500000004 0.227060546875 0.09223437500000001 0.40236328125
0 0.030429687500000004 0.23986328125 0.06085937500000001 0.2673046875
0 0.73521875 0.36312500000000003 0.21971875000000002 0.3339453125
0 0.515625 0.3037109375 0.965625 0.607421875