0 0.8426640625000001 0.40759345794392526 0.028390625000000003 0.09121495327102803
0 0.7546406250000001 0.4158878504672897 0.0355 0.09714953271028037
0 0.21185937500000002 0.438785046728972 0.01784375 0.05107476635514019
0 0.1908828125 0.4293341121495327 0.017328125 0.07539719626168224
0 0.328640625 0.3267056074766355 0.014249999999999999 0.06761682242990655
0 0.3732578125 0.28695093457943927 0.014484374999999999 0.05824766355140187
0 0.0142421875 0.6642990654205607 0.025203125 0.1322429906542056
0 0.30578125 0.35639018691588786 0.024531249999999998 0.06843457943925234
0 0.3511328125 0.29283878504672894 0.011265625 0.05843457943925234
0 0.758890625 0.38856308411214957 0.0096875 0.03492990654205607
0 0.18084375 0.45671728971962616 0.02325 0.05478971962616822
0 0.1159921875 0.5379205607476635 0.018953125 0.08439252336448598
0 0.258390625 0.42068925233644855 0.02978125 0.0447429906542056