0 0.5473671875 0.3803854166666667 0.123703125 0.5557291666666667
0 0.2726484375 0.5561458333333333 0.41442187500000005 0.8612916666666667
0 0.8727343750000001 0.15636458333333333 0.00653125 0.021479166666666667
0 0.8896171875000001 0.1689166666666667 0.014359374999999999 0.05745833333333333
0 0.83946875 0.1546354166666667 0.01221875 0.03202083333333333
0 0.9126406250000001 0.16568750000000002 0.00959375 0.045125
0 0.985015625 0.17010416666666664 0.01146875 0.05054166666666667
0 0.9324765625 0.16293749999999999 0.016953125 0.035833333333333335
0 0.9831953125 0.42190625 0.031921875 0.4718125
0 0.9030390625000001 0.16541666666666668 0.010078125 0.050291666666666665
0 0.8667031249999999 0.14739583333333334 0.010562499999999999 0.017791666666666664
0 0.8520312499999999 0.15178125 0.013343749999999998 0.0271875
0 0.945453125 0.15792708333333333 0.011 0.014520833333333334
0 0.8984375 0.13541666666666666 0.053125 0.0625