0 0.5148828125 0.66965625 0.21404687500000003 0.6112291666666666
0 0.054468749999999996 0.6761666666666667 0.10715625 0.6476666666666666
0 0.6320078125 0.6874583333333334 0.259078125 0.6250833333333333
0 0.780078125 0.6500416666666666 0.1841875 0.6466666666666666
0 0.33254687499999996 0.541625 0.05178125 0.08654166666666667
0 0.8890625 0.37875000000000003 0.044 0.08420833333333334
0 0.9387421874999999 0.33007291666666666 0.023984375 0.05864583333333333
0 0.44664843750000005 0.49126041666666664 0.039484375 0.08297916666666666
0 0.9261249999999999 0.6483125 0.146625 0.6674166666666667
0 0.5744374999999999 0.2952083333333333 0.04371875 0.06279166666666666
0 0.4391640625 0.44333333333333336 0.045421875 0.06533333333333333
0 0.921875 0.3797291666666666 0.03621875 0.08574999999999999
0 0.3624453125 0.45055208333333335 0.032140625 0.0964375
0 0.5 0.29583333333333334 0.996875 0.5666666666666667