0 0.4558359375 0.7943772241992882 0.122359375 0.3887544483985765
0 0.55178125 0.7511209964412812 0.04825 0.16594306049822066
0 0.6903203125 0.6162633451957296 0.020265625000000002 0.15202846975088968
0 0.19325 0.555017793594306 0.004625 0.029181494661921707
0 0.8380156249999999 0.5609430604982206 0.0134375 0.08814946619217082
0 0.8788046875 0.7518327402135231 0.052109375 0.2974021352313167
0 0.3708984375 0.6313701067615658 0.021453125 0.13725978647686832
0 0.33127343750000005 0.6683274021352313 0.039921875 0.2380071174377224
0 0.6057734375 0.792491103202847 0.057796875000000004 0.179644128113879
0 0.9839062499999999 0.6809786476868328 0.0321875 0.10822064056939502
0 0.812515625 0.6348398576512456 0.01875 0.14604982206405695
0 0.9950156250000001 0.8740213523131672 0.00996875 0.25195729537366546
0 0.552890625 0.6197330960854092 0.02134375 0.09861209964412812
0 0.52421875 0.5925266903914591 0.7828125 0.23843416370106763