0 0.38656103286384974 0.47752343750000004 0.6718544600938967 0.608984375
0 0.714037558685446 0.6977499999999999 0.5435680751173709 0.37978125
0 0.6217957746478873 0.0871953125 0.13476525821596244 0.102953125
0 0.7173004694835681 0.1434921875 0.10018779342723004 0.105296875
0 0.17050469483568076 0.08346875000000001 0.128943661971831 0.15521875000000002
0 0.08776995305164319 0.0966328125 0.10802816901408452 0.188765625
0 0.8261150234741784 0.1358125 0.05870892018779343 0.050812500000000003
0 0.6374530516431925 0.14378125 0.11129107981220657 0.09878125
0 0.813744131455399 0.0499921875 0.08725352112676056 0.080671875
0 0.4054694835680751 0.11167968749999999 0.08220657276995307 0.092078125
0 0.9570070422535212 0.14983593750000002 0.08598591549295775 0.102734375
0 0.31104460093896713 0.0644453125 0.0830281690140845 0.098859375
0 0.9407276995305164 0.10811718749999999 0.09690140845070423 0.081890625
0 0.5 0.12734375 0.9953051643192489 0.2546875