0 0.35391999999999996 0.4142319277108434 0.0958 0.26135542168674697
0 0.9624300000000001 0.8932530120481927 0.07162 0.19102409638554219
0 0.6323799999999999 0.37326807228915665 0.10516 0.3699096385542169
0 0.41108000000000006 0.5775301204819278 0.17756 0.37753012048192774
0 0.29496000000000006 0.47861445783132534 0.0686 0.11993975903614458
0 0.8635900000000001 0.3867168674698795 0.06754 0.10210843373493976
0 0.9517899999999999 0.548222891566265 0.09473999999999999 0.3767469879518072
0 0.40518 0.37134036144578314 0.05824 0.17731927710843373
0 0.25956 0.3501506024096386 0.07964 0.15234939759036145
0 0.19771 0.4251957831325302 0.07726000000000001 0.2860542168674699
0 0.1105 0.3429066265060241 0.06584000000000001 0.16484939759036144
0 0.020989999999999998 0.33403614457831327 0.041979999999999996 0.15066265060240966
0 0.52486 0.3979668674698795 0.06792000000000001 0.14894578313253012
0 0.559 0.49849397590361444 0.878 0.9969879518072289