0 0.119265625 0.7340070093457944 0.00978125 0.05226635514018692
0 0.08709375 0.7142640186915887 0.010374999999999999 0.05175233644859813
0 0.10414062500000001 0.7153504672897196 0.01009375 0.05537383177570093
0 0.07317968749999999 0.6965420560747664 0.012953125 0.05070093457943925
0 0.0328359375 0.6959112149532711 0.011578125 0.05593457943925234
0 0.26923437499999997 0.5978504672897196 0.00678125 0.028644859813084112
0 0.015031250000000001 0.6909696261682243 0.01059375 0.055116822429906544
0 0.11581250000000001 0.7063668224299066 0.013468749999999998 0.022593457943925234
0 0.4278359375 0.6308177570093458 0.005953125 0.025934579439252335
0 0.4197109375 0.6201401869158879 0.005890625 0.015373831775700935
0 0.46010156250000006 0.6355490654205609 0.005203125 0.021471962616822427
0 0.475 0.634766355140187 0.0076875 0.023037383177570092
0 0.0904375 0.6813901869158878 0.010906250000000001 0.014228971962616821
0 0.53125 0.6144859813084113 0.70625 0.07009345794392523