0 0.6390234374999999 0.8883411764705882 0.10120312499999999 0.2233176470588235
0 0.7795156249999999 0.8663411764705882 0.11690624999999999 0.266
0 0.7086484375000001 0.8411294117647059 0.039046874999999995 0.1585411764705882
0 0.9746171875 0.8331411764705882 0.050765625 0.26538823529411765
0 0.2350703125 0.7995882352941176 0.005640625 0.02350588235294118
0 0.23594531250000003 0.869764705882353 0.014703125000000001 0.0728
0 0.156859375 0.864635294117647 0.028968749999999998 0.06390588235294117
0 0.663890625 0.7368705882352942 0.017343749999999998 0.027811764705882355
0 0.28068750000000003 0.8468000000000001 0.01228125 0.05665882352941176
0 0.185203125 0.8454823529411765 0.007593750000000001 0.03496470588235294
0 0.013718749999999998 0.860235294117647 0.02434375 0.07124705882352941
0 0.314578125 0.8585764705882353 0.02384375 0.07983529411764706
0 0.2889765625 0.8458705882352942 0.011609375 0.05832941176470588
0 0.4234375 0.8470588235294118 0.778125 0.2635294117647059