0 0.025257812499999997 0.5622196261682243 0.037515625000000004 0.0980841121495327
0 0.09503125 0.5924415887850467 0.05103124999999999 0.13792056074766357
0 0.5609140625 0.5821495327102804 0.036546875 0.09233644859813085
0 0.4614140625 0.5635514018691589 0.028859375 0.1333177570093458
0 0.704484375 0.5934228971962617 0.01634375 0.056471962616822434
0 0.8860625000000001 0.5734112149532711 0.045906249999999996 0.08247663551401868
0 0.8557499999999999 0.5614953271028037 0.02165625 0.032850467289719625
0 0.9436796875000001 0.5789018691588785 0.023296875 0.12163551401869159
0 0.057171875 0.5703154205607477 0.03496875 0.09614485981308411
0 0.591171875 0.5944976635514019 0.036843749999999995 0.12679906542056074
0 0.0140625 0.7103154205607476 0.028125 0.3213317757009346
0 0.7481718749999999 0.5816121495327103 0.01121875 0.009065420560747663
0 0.1073046875 0.4759345794392523 0.041078125 0.13485981308411216