0 0.04803125 0.66325 0.0960625 0.5264166666666666
0 0.3726171875 0.2720208333333333 0.024234375 0.07079166666666666
0 0.823515625 0.53725 0.094125 0.21266666666666667
0 0.15421093749999998 0.5898958333333333 0.13314062499999998 0.496625
0 0.2972578125 0.3273854166666667 0.034359375 0.11810416666666666
0 0.20010937499999998 0.3144895833333333 0.03603125 0.11685416666666668
0 0.743625 0.5103333333333333 0.08056250000000001 0.18262499999999998
0 0.9241718750000001 0.5230625 0.138375 0.190375
0 0.31596875 0.30082291666666666 0.02521875 0.1115625
0 0.6585390624999999 0.43344791666666665 0.069984375 0.21560416666666665
0 0.4196640625 0.28204166666666663 0.034640625 0.05120833333333333
0 0.2841328125 0.4141458333333333 0.061109375 0.08295833333333333
0 0.321875 0.3125 0.20625 0.12916666666666668