0 0.3373515625 0.5149166666666667 0.140390625 0.5586666666666668
0 0.15296875000000001 0.3370729166666667 0.07703125 0.08614583333333334
0 0.29764843750000003 0.33890625 0.047140625000000005 0.0774375
0 0.207125 0.26818749999999997 0.04928125 0.10525000000000001
0 0.29225781250000005 0.2723333333333333 0.048234375 0.09354166666666666
0 0.293 0.23905208333333333 0.05559375 0.10664583333333333
0 0.3415859375 0.2619166666666667 0.052671875 0.07308333333333333
0 0.3353046875 0.21442708333333335 0.083578125 0.16552083333333334
0 0.5191015625000001 0.26740625 0.053921874999999994 0.11685416666666668
0 0.7098906250000001 0.2935833333333333 0.054000000000000006 0.06391666666666666
0 0.26814062499999997 0.13309374999999998 0.03496875 0.07481249999999999
0 0.1869375 0.15136458333333333 0.05034375 0.10293749999999999
0 0.21212499999999998 0.338625 0.04578125 0.07904166666666666
0 0.503125 0.18541666666666667 0.990625 0.37083333333333335