0 0.47490625 0.7647535211267606 0.10828125 0.28161971830985916
0 0.41369531249999997 0.740293427230047 0.055140625 0.18866197183098593
0 0.3469296875 0.6656220657276996 0.026296874999999997 0.03284037558685446
0 0.32141406250000004 0.673744131455399 0.018609375 0.03241784037558686
0 0.30865624999999997 0.6534976525821596 0.01515625 0.03023474178403756
0 0.32242187499999997 0.6016079812206573 0.01103125 0.024859154929577465
0 0.9667109375 0.7695774647887325 0.031078125 0.056901408450704224
0 0.324453125 0.6582629107981219 0.015 0.040892018779342724
0 0.30163281249999996 0.6181455399061032 0.009984375 0.03150234741784037
0 0.9442109375 0.6323591549295774 0.012671874999999999 0.01814553990610329
0 0.9166015625 0.6383920187793427 0.016671875 0.031713615023474175
0 0.3615078125 0.5987558685446009 0.009546875 0.02342723004694836
0 0.9299843750000001 0.6405516431924883 0.01128125 0.018333333333333333