0 0.5410703125 0.3641127348643006 0.017765625 0.043298538622129436
0 0.1881640625 0.3396346555323591 0.022921875 0.048037578288100215
0 0.5126875 0.31435281837160756 0.02628125 0.03480167014613779
0 0.56078125 0.31399791231732777 0.01003125 0.014008350730688936
0 0.5975703125 0.3059185803757829 0.005515625 0.009582463465553236
0 0.49140625 0.3570876826722338 0.0135625 0.03881002087682672
0 0.574046875 0.3050104384133612 0.00684375 0.012233820459290189
0 0.8791249999999999 0.28339248434237996 0.00834375 0.011962421711899792
0 0.9415624999999999 0.2943319415448852 0.009156250000000001 0.01338204592901879
0 0.8405546874999998 0.2894050104384134 0.022015625 0.008037578288100209
0 0.88865625 0.2887265135699374 0.010843750000000001 0.011482254697286013
0 0.2119140625 0.36350730688935284 0.007828125 0.011482254697286013