0 0.33153125 0.15753533568904593 0.15065625 0.2843992932862191
0 0.2561171875 0.2742137809187279 0.031015625 0.05846289752650177
0 0.059335937500000005 0.29094522968197883 0.019265625 0.07100706713780919
0 0.14409375 0.2780830388692579 0.03075 0.04443462897526502
0 0.173328125 0.2715989399293286 0.02390625 0.05015901060070672
0 0.9587421874999998 0.298321554770318 0.022828124999999998 0.02166077738515901
0 0.19400781250000002 0.2818992932862191 0.021078125 0.030229681978798585
0 0.11003906249999999 0.2901678445229682 0.012109375 0.052279151943462894
0 0.2373203125 0.285017667844523 0.013328125 0.032190812720848054
0 0.1191328125 0.2972349823321555 0.009578125 0.06425795053003533
0 0.27089062499999994 0.28536219081272085 0.016843749999999998 0.04337455830388693
0 0.1026953125 0.28598056537102473 0.010390625 0.0303356890459364
0 0.21486718750000003 0.2723233215547703 0.043953124999999996 0.05609540636042403
0 0.33671875 0.30918727915194344 0.6640625 0.08833922261484099