0 0.5800416666666667 0.506578125 0.024458333333333335 0.03446875
0 0.8181145833333333 0.5376328125000001 0.10531249999999999 0.124703125
0 0.47303125 0.5155390625 0.04560416666666667 0.058921875
0 0.32864583333333336 0.606171875 0.3282083333333333 0.66271875
0 0.14765625 0.52628125 0.0616875 0.08596875000000001
0 0.5339479166666667 0.54634375 0.07727083333333334 0.10390625
0 0.06078125 0.5321562500000001 0.1215625 0.1368125
0 0.07471874999999999 0.46517187500000007 0.013229166666666665 0.00990625
0 0.6368229166666667 0.555625 0.0616875 0.08396875000000001
0 0.86015625 0.52178125 0.037187500000000005 0.044375
0 0.9377395833333334 0.5108124999999999 0.036270833333333335 0.0656875
0 0.7368854166666666 0.5298046875 0.09552083333333333 0.133453125
0 0.7866979166666667 0.49878906249999994 0.04814583333333333 0.053578125
0 0.5 0.578125 0.9958333333333333 0.3125