0 0.7972823529411764 0.53396875 0.33889411764705885 0.38971875
0 0.6694705882352942 0.470484375 0.16209411764705883 0.19834374999999999
0 0.42702352941176475 0.5010859375 0.1464235294117647 0.21389062499999997
0 0.30177647058823526 0.56015625 0.15828235294117646 0.21018750000000003
0 0.11992941176470588 0.6147265625 0.23788235294117646 0.296328125
0 0.20402352941176471 0.60928125 0.17298823529411764 0.26265625
0 0.5297294117647059 0.48138281250000003 0.1147529411764706 0.16398437500000002
0 0.7232117647058823 0.34367187499999996 0.5535764705882353 0.6873437499999999
0 0.8106588235294119 0.3619453125 0.18696470588235292 0.132328125
0 0.11003529411764706 0.5087578125000001 0.04755294117647059 0.044484375
0 0.2524 0.466234375 0.03322352941176471 0.038125
0 0.19104705882352943 0.46369531250000007 0.03592941176470588 0.096984375
0 0.6001176470588235 0.4794609375 0.11651764705882353 0.167390625
0 0.45529411764705885 0.53125 0.9105882352941177 0.784375