0 0.62828125 0.8255312499999999 0.07303125 0.2720208333333333
0 0.5340234374999999 0.8125104166666667 0.044390625 0.23372916666666665
0 0.4176796875 0.790625 0.047609374999999995 0.21712499999999998
0 0.266734375 0.731125 0.057999999999999996 0.109875
0 0.30895312500000005 0.7462708333333333 0.02409375 0.16833333333333333
0 0.3774609375 0.6948333333333333 0.025109375 0.05679166666666667
0 0.4206015625 0.6847708333333333 0.024171875000000002 0.057875
0 0.18928125 0.77028125 0.04453125 0.1970625
0 0.720984375 0.8435833333333334 0.0683125 0.25837499999999997
0 0.1065703125 0.7296666666666667 0.064703125 0.1115
0 0.21519531249999999 0.6937395833333333 0.031359375 0.07627083333333333
0 0.2339296875 0.7646562499999999 0.046109375 0.19852083333333334
0 0.2929453125 0.7708750000000001 0.035296875 0.1835
0 0.49921875 0.75625 0.9984375 0.39166666666666666