0 0.4564337349397591 0.48841406249999997 0.12448192771084336 0.18160937500000002
0 0.5474457831325301 0.41530468750000005 0.04183132530120482 0.041703125
0 0.5964698795180723 0.4223906250000001 0.05448192771084337 0.057906250000000006
0 0.9360963855421686 0.43340625 0.041975903614457834 0.0735625
0 0.3004578313253012 0.43083593750000004 0.049108433734939755 0.122078125
0 0.6677951807228917 0.41581250000000003 0.03872289156626506 0.0404375
0 0.9521445783132529 0.41372656250000006 0.02053012048192771 0.036828125
0 0.5200843373493976 0.4185390625 0.05327710843373494 0.041015625
0 0.6909397590361446 0.41096875 0.016433734939759036 0.0478125
0 0.12868674698795182 0.513859375 0.14262650602409638 0.15437499999999998
0 0.21225301204819275 0.4448359375 0.043156626506024094 0.10245312499999999
0 0.030240963855421688 0.4707890625 0.060481927710843375 0.20417187499999997
0 0.8760963855421686 0.42476562500000004 0.011807228915662651 0.03215625
0 0.43734939759036146 0.40390625 0.03614457831325301 0.0296875