0 0.7224182242990654 0.2277578125 0.44128504672897195 0.33773437500000003
0 0.6618107476635514 0.4518515625 0.06838785046728972 0.096546875
0 0.7628387850467289 0.48353906249999995 0.0649766355140187 0.062359374999999995
0 0.827908878504673 0.47661718750000004 0.07707943925233646 0.095109375
0 0.8827453271028037 0.4983203124999999 0.05614485981308411 0.062578125
0 0.9621728971962616 0.5051328125000001 0.05897196261682243 0.05292187499999999
0 0.3128855140186916 0.3541015625 0.13320093457943924 0.194953125
0 0.07605140186915887 0.28834375 0.09037383177570094 0.13925
0 0.6003271028037384 0.45688281250000007 0.07771028037383178 0.070234375
0 0.7151401869158878 0.4796875 0.042943925233644854 0.05553125
0 0.18605140186915886 0.34733593749999997 0.10163551401869159 0.082265625
0 0.5059228971962617 0.3496640625 0.0758177570093458 0.050265625
0 0.7039602803738316 0.4703125 0.05703271028037383 0.06109375