0 0.14553125 0.7548437500000001 0.18459375 0.3970208333333333
0 0.2851953125 0.48983333333333334 0.116078125 0.19804166666666667
0 0.36110937499999995 0.503 0.06575 0.1655
0 0.420015625 0.4796354166666667 0.08290625 0.24552083333333333
0 0.08435937499999999 0.34927083333333336 0.062343749999999996 0.12291666666666666
0 0.16990624999999998 0.32448958333333333 0.05753125 0.07727083333333334
0 0.45453124999999994 0.3116041666666666 0.049062499999999995 0.10354166666666667
0 0.796984375 0.3552604166666667 0.04725 0.10935416666666667
0 0.698421875 0.33566666666666667 0.04346875 0.07108333333333333
0 0.059476562499999996 0.14588541666666668 0.028921875000000003 0.05622916666666666
0 0.7107656250000001 0.29731250000000004 0.0426875 0.07733333333333332
0 0.6288671875 0.25734375000000004 0.043953124999999996 0.07835416666666667
0 0.496859375 0.23296875 0.05159375000000001 0.0846875
0 0.54765625 0.33958333333333335 0.7453125 0.17083333333333334