0 0.471859375 0.8403747072599532 0.0904375 0.2853864168618267
0 0.806625 0.8516861826697892 0.06296874999999999 0.2696487119437939
0 0.8665078124999999 0.582423887587822 0.028609375 0.11674473067915692
0 0.9463828124999999 0.5271545667447306 0.024296875000000002 0.09697892271662763
0 0.7942734375 0.6480444964871195 0.034359375 0.1822248243559719
0 0.8378828125 0.5960538641686183 0.027953125000000002 0.16597189695550352
0 0.518140625 0.6659016393442623 0.05375 0.1984543325526932
0 0.9209609375000001 0.5198360655737705 0.029515625 0.11011709601873537
0 0.5823359375 0.5518735362997659 0.025453125 0.10800936768149882
0 0.9726250000000001 0.5039344262295082 0.0213125 0.07962529274004684
0 0.7654375 0.9530562060889931 0.05278125 0.09388758782201406
0 0.8069921875 0.7506440281030445 0.063703125 0.14545667447306793
0 0.8841875 0.5538524590163935 0.013000000000000001 0.07304449648711944
0 0.93984375 0.5035128805620609 0.1171875 0.1686182669789227