0 0.71621875 0.3952708333333333 0.0540625 0.07658333333333332
0 0.39678125 0.4988020833333333 0.1371875 0.35743749999999996
0 0.6435859374999999 0.30292708333333335 0.047296875 0.0810625
0 0.21000000000000002 0.37038541666666663 0.04459375 0.0886875
0 0.5114765625000001 0.49809374999999995 0.102703125 0.3556458333333333
0 0.809421875 0.39203125 0.041875 0.058270833333333334
0 0.601859375 0.2609583333333333 0.05121875 0.08433333333333333
0 0.08228906250000001 0.3715104166666666 0.040515625 0.07839583333333335
0 0.7359921875 0.14027083333333332 0.044609375 0.07508333333333334
0 0.598875 0.06198958333333334 0.031156250000000003 0.06393750000000001
0 0.6744921875000001 0.19626041666666666 0.037359375 0.0655625
0 0.257015625 0.3745104166666667 0.046656249999999996 0.09243749999999999
0 0.7167343749999999 0.1794375 0.046718749999999996 0.04820833333333333
0 0.49921875 0.3645833333333333 0.9984375 0.7291666666666666