0 0.153484375 0.5397395833333333 0.1179375 0.6002708333333333
0 0.849421875 0.6226041666666667 0.08578125 0.38345833333333335
0 0.2312578125 0.5381145833333333 0.10289062499999999 0.4418125
0 0.30553125000000003 0.4730520833333333 0.12475 0.5410208333333333
0 0.405765625 0.47760416666666666 0.10865625000000001 0.49116666666666664
0 0.5603906249999999 0.47753125 0.0994375 0.48764583333333333
0 0.6404453125 0.50225 0.117984375 0.492125
0 0.8260468750000001 0.5296875 0.1373125 0.57275
0 0.4886796875 0.5017604166666666 0.090640625 0.45918749999999997
0 0.7009375 0.49243750000000003 0.1808125 0.5604583333333333
0 0.1848671875 0.37567708333333333 0.14320312500000001 0.20502083333333332