0 0.7842265625 0.5130093676814989 0.295359375 0.669672131147541
0 0.958796875 0.4629156908665105 0.07046875 0.2606791569086651
0 0.39934375 0.4907728337236534 0.06203125 0.2481967213114754
0 0.23312499999999997 0.4769789227166276 0.09228125000000001 0.12782201405152224
0 0.20099218749999997 0.4913700234192037 0.070359375 0.2666744730679157
0 0.1478671875 0.5228805620608898 0.058859375000000005 0.23086651053864168
0 0.06132031250000001 0.5194379391100703 0.058046875 0.214519906323185
0 0.8163984375 0.427903981264637 0.066171875 0.1738407494145199
0 0.8565468749999999 0.47142857142857136 0.03375 0.1443559718969555
0 0.3478359375 0.7280796252927401 0.299859375 0.4044964871194379
0 0.355171875 0.5160772833723654 0.020999999999999998 0.10372365339578454
0 0.009203125 0.5294847775175644 0.01840625 0.1233255269320843
0 0.91078125 0.5196604215456674 0.01246875 0.030515222482435597
0 0.46015625 0.5398126463700235 0.9171875 0.08196721311475409