0 0.03775 0.48098360655737704 0.0755 0.3933489461358314
0 0.25025 0.42416861826697894 0.05284375 0.08046838407494145
0 0.2185625 0.43588992974238877 0.035375000000000004 0.052341920374707265
0 0.7520546875 0.3887939110070257 0.055109375 0.12840749414519906
0 0.7246718750000001 0.3686065573770491 0.07990625 0.16386416861826697
0 0.6793828125 0.37050351288056205 0.051390625 0.11346604215456675
0 0.62890625 0.3295433255269321 0.034625 0.08086651053864169
0 0.8485156249999999 0.38776346604215456 0.06503125 0.1536065573770492
0 0.9446015624999999 0.41023419203747075 0.074640625 0.14323185011709602
0 0.5793828125 0.45398126463700234 0.29704687500000004 0.6336299765807962
0 0.8160390625 0.38323185011709604 0.08429687500000001 0.15540983606557376
0 0.144703125 0.41283372365339577 0.10246875 0.25526932084309134
0 0.980109375 0.4093559718969555 0.039781250000000004 0.14784543325526933
0 0.20234375 0.5163934426229508 0.2890625 0.3442622950819672