0 0.126609375 0.14622916666666666 0.0758125 0.18925
0 0.23406249999999998 0.1389166666666667 0.16946875 0.20583333333333334
0 0.3530703125 0.1331875 0.080765625 0.19545833333333332
0 0.4171171875 0.12995833333333334 0.069421875 0.20416666666666666
0 0.51615625 0.13318750000000001 0.12584375 0.19370833333333334
0 0.7954140625 0.22096875 0.058078125 0.22347916666666665
0 0.9463125 0.18439583333333331 0.07778125 0.14604166666666665
0 0.7331875 0.21211458333333333 0.0874375 0.3138958333333333
0 0.6460781250000001 0.17790625 0.049812499999999996 0.1269375
0 0.5903828125 0.16347916666666668 0.041140625 0.13616666666666666
0 0.8402578125 0.19004166666666666 0.041828125 0.08387499999999999
0 0.9502578125000001 0.23729166666666668 0.099484375 0.2677083333333333
0 0.90934375 0.15711458333333334 0.050249999999999996 0.07035416666666668
0 0.49921875 0.2375 0.9984375 0.3958333333333333