0 0.1710703125 0.5716 0.032546874999999996 0.15981176470588235
0 0.06353125 0.5371411764705883 0.044375 0.07964705882352942
0 0.12283593749999999 0.5779294117647059 0.036859375 0.1800470588235294
0 0.107328125 0.5362235294117648 0.02346875 0.0732
0 0.08562499999999999 0.5322705882352942 0.0280625 0.0840705882352941
0 0.018070312499999998 0.5370941176470588 0.036140624999999996 0.0816235294117647
0 0.15478125 0.5302941176470588 0.0138125 0.06675294117647058
0 0.7809375000000001 0.5205176470588235 0.029406250000000002 0.05251764705882353
0 0.750375 0.5194705882352941 0.03421875 0.06430588235294117
0 0.7980703124999999 0.5082470588235295 0.026234374999999997 0.06303529411764705
0 0.6994921875 0.5204588235294118 0.037828125000000004 0.0743764705882353