0 0.14317968749999999 0.7524348958333333 0.037671875 0.187578125
0 0.209125 0.6537630208333334 0.024 0.15231770833333333
0 0.961921875 0.8153776041666667 0.03546875 0.22627604166666668
0 0.6846640625 0.5257552083333333 0.025984374999999997 0.08244791666666666
0 0.832640625 0.36098958333333336 0.0203125 0.05739583333333333
0 0.04915625 0.69125 0.0361875 0.13395833333333332
0 0.3299609375 0.6390625 0.023890625 0.12078125
0 0.6013437500000001 0.3505729166666667 0.018875 0.07640625
0 0.0586171875 0.7276822916666666 0.016484375000000002 0.11302083333333333
0 0.0404921875 0.7616796874999999 0.023453125 0.15117187499999998
0 0.581078125 0.3575651041666667 0.0098125 0.049401041666666666
0 0.8578203125 0.5668489583333333 0.010984375000000001 0.038281249999999996
0 0.5408671875000001 0.567265625 0.006578125 0.0096875
0 0.26171875 0.6236979166666666 0.0140625 0.11197916666666667