0 0.754046875 0.7961592505854801 0.0163125 0.02641686182669789
0 0.8679921875 0.4065690866510539 0.212609375 0.30292740046838407
0 0.711921875 0.4233606557377049 0.10346875 0.27501170960187354
0 0.5021875 0.4583489461358314 0.06840625 0.14114754098360657
0 0.43228125000000006 0.4954918032786885 0.06759375 0.1064871194379391
0 0.781734375 0.7928571428571429 0.01234375 0.0277751756440281
0 0.8390078125 0.7926932084309133 0.010171875 0.016206088992974238
0 0.7102890625 0.7972833723653395 0.018203125 0.028524590163934424
0 0.545015625 0.8205386416861827 0.011125 0.01648711943793911
0 0.6878359374999999 0.8047775175644027 0.011015625 0.018501170960187354
0 0.6570546875 0.8099180327868852 0.014265625 0.019601873536299764
0 0.6488671874999999 0.8093208430913349 0.008015625 0.018548009367681497
0 0.5200859375 0.8183723653395785 0.012984375000000001 0.02531615925058548
0 0.6671875 0.8032786885245902 0.35 0.06557377049180328