0 0.9376249999999999 0.4657411764705882 0.12475 0.3992
0 0.8576718750000001 0.42569411764705883 0.10846875 0.3785411764705882
0 0.6461484375 0.5607882352941176 0.205765625 0.5470823529411765
0 0.6256562499999999 0.37624705882352943 0.09790625 0.20411764705882354
0 0.5670234375 0.3264941176470588 0.128546875 0.20056470588235292
0 0.477859375 0.2871294117647059 0.08903124999999999 0.14197647058823532
0 0.3758125 0.3178705882352941 0.07453125000000001 0.17221176470588234
0 0.33553124999999995 0.3413294117647059 0.0565625 0.16844705882352942
0 0.26935156250000003 0.4303411764705883 0.094015625 0.2943764705882353
0 0.683515625 0.2408235294117647 0.07906250000000001 0.15519999999999998
0 0.22398437499999999 0.5978 0.24915625000000002 0.6637411764705882
0 0.0919296875 0.42695294117647054 0.089640625 0.3412470588235294
0 0.37583593750000005 0.17424705882352942 0.045078125000000004 0.05070588235294118