0 0.5934843750000001 0.5501995305164319 0.196 0.38481220657277
0 0.726796875 0.5839084507042254 0.1645625 0.38626760563380286
0 0.879609375 0.45768779342723004 0.13940625 0.2473474178403756
0 0.2854609375 0.3345070422535211 0.025984374999999997 0.09661971830985915
0 0.2594609375 0.35435446009389676 0.034140625 0.04401408450704225
0 0.4170625 0.3628990610328639 0.02346875 0.0481924882629108
0 0.22509375 0.25129107981220655 0.02815625 0.06821596244131455
0 0.4131875 0.3172417840375587 0.0305 0.06969483568075117
0 0.4467578125 0.31630281690140843 0.029515625 0.07762910798122066
0 0.893375 0.48200704225352115 0.15609375 0.3477230046948357
0 0.4298984375 0.3618544600938967 0.019578125 0.04619718309859155
0 0.323640625 0.335387323943662 0.02359375 0.09612676056338029
0 0.35657812499999997 0.32449530516431924 0.0185 0.07640845070422535
0 0.51328125 0.29577464788732394 0.9609375 0.19248826291079812