0 0.301015625 0.24735981308411217 0.09153125 0.25271028037383175
0 0.391375 0.2731542056074766 0.153125 0.27822429906542057
0 0.57325 0.290303738317757 0.1671875 0.30808411214953274
0 0.695046875 0.3591705607476636 0.15178125 0.38651869158878505
0 0.6840624999999999 0.6202102803738319 0.43509374999999995 0.7595794392523365
0 0.9243984375000001 0.14438084112149532 0.086265625 0.1541822429906542
0 0.0862421875 0.2980607476635514 0.12435937500000001 0.37327102803738316
0 0.9463359375 0.3415771028037383 0.107328125 0.3146028037383178
0 0.87903125 0.5017523364485982 0.15778125 0.5776168224299065
0 0.187953125 0.2911565420560748 0.17665625000000001 0.2617056074766355
0 0.125125 0.19297897196261682 0.05440625 0.08950934579439253
0 0.1704453125 0.19257009345794393 0.054140625 0.08953271028037384
0 0.245609375 0.6629556074766355 0.49121875 0.674088785046729
0 0.49921875 0.21962616822429906 0.9984375 0.35046728971962615