0 0.062359374999999995 0.2443854166666667 0.091 0.3528125
0 0.45168749999999996 0.7662916666666667 0.198875 0.4674166666666667
0 0.20921875 0.7545625 0.17703125 0.490125
0 0.1478046875 0.59346875 0.167234375 0.7882708333333334
0 0.24040625000000002 0.36567708333333326 0.10821875 0.3920208333333333
0 0.14554687500000002 0.20944791666666665 0.1323125 0.1749375
0 0.33028124999999997 0.225625 0.12559375 0.3218333333333333
0 0.50971875 0.19530208333333335 0.09125 0.18172916666666666
0 0.4270078125 0.3852395833333333 0.193234375 0.40210416666666665
0 0.6817421875 0.5853958333333333 0.254484375 0.7887500000000001
0 0.73465625 0.20993750000000003 0.11071875 0.24933333333333335
0 0.69859375 0.12134375 0.06909375 0.14831249999999999
0 0.3950234375 0.2826041666666666 0.139671875 0.30979166666666663
0 0.9078125 0.3541666666666667 0.18125 0.6