0 0.47393287435456105 0.6245390625 0.025903614457831327 0.049703125
0 0.49888123924268507 0.6348359374999999 0.032461273666092944 0.070984375
0 0.5634595524956971 0.6368437499999999 0.03824440619621342 0.061
0 0.5670137693631669 0.5935859375 0.0182960413080895 0.041296875
0 0.9216609294320138 0.7443203125 0.037332185886402754 0.05014062500000001
0 0.9803872633390706 0.7238515624999999 0.037056798623063686 0.068546875
0 0.5197160068846816 0.597421875 0.02201376936316695 0.05828124999999999
0 0.6019621342512909 0.5944609375 0.023407917383820996 0.054078125
0 0.5881067125645438 0.5839140625 0.021239242685025816 0.043765625
0 0.6244320137693631 0.62725 0.030826161790017213 0.035562500000000004
0 0.5261790017211704 0.5727031250000001 0.01793459552495697 0.0520625
0 0.2241996557659208 0.451421875 0.008089500860585198 0.012562499999999999
0 0.9694406196213425 0.7016875 0.021394148020654043 0.05496875