0 0.7293046875 0.44269146608315096 0.197359375 0.7235886214442013
0 0.8740390625 0.43055798687089714 0.12567187500000002 0.4447483588621444
0 0.24274218749999998 0.5487636761487965 0.353828125 0.902472647702407
0 0.5004765625 0.4330415754923413 0.096453125 0.20328227571115975
0 0.3628515625 0.3599015317286652 0.025796875000000004 0.1039168490153173
0 0.39045312499999996 0.37202407002188187 0.0324375 0.13849015317286653
0 0.5276796874999999 0.37282275711159735 0.029171875000000003 0.1213566739606127
0 0.432171875 0.4264660831509847 0.0689375 0.187636761487965
0 0.3424296875 0.34594091903719915 0.023734375 0.08413566739606128
0 0.31459375 0.33614879649890594 0.026375 0.05006564551422319
0 0.07943750000000001 0.6531072210065646 0.06465625 0.533347921225383
0 0.5615234375 0.35143326039387307 0.020046875 0.07017505470459519
0 0.13660937499999998 0.33150984682713347 0.01603125 0.05483588621444201
0 0.4921875 0.38949671772428884 0.984375 0.2275711159737418