0 0.4238615023474178 0.718171875 0.09852112676056338 0.15918749999999998
0 0.882981220657277 0.7521015625 0.1715492957746479 0.32010937500000003
0 0.13884976525821596 0.6555859374999999 0.038685446009389675 0.055078125
0 0.18232394366197183 0.657359375 0.022957746478873237 0.035375000000000004
0 0.5279342723004694 0.6448046875 0.025305164319248823 0.019984375
0 0.10503521126760565 0.65496875 0.021854460093896716 0.0345625
0 0.23988262910798122 0.6359921875000001 0.02061032863849765 0.022984375
0 0.2609741784037559 0.6384296875 0.021103286384976525 0.014890625
0 0.3296478873239437 0.6354374999999999 0.01967136150234742 0.015312500000000001
0 0.2557511737089202 0.6691718750000001 0.06366197183098592 0.0440625
0 0.5532511737089202 0.7712343749999999 0.24068075117370893 0.24553124999999998
0 0.21504694835680752 0.6545078125000001 0.020845070422535212 0.041515625
0 0.28211267605633805 0.635953125 0.01685446009389671 0.013218750000000001
0 0.5528169014084507 0.64921875 0.8051643192488263 0.0671875