0 0.05697656250000001 0.6714084507042253 0.108296875 0.4635211267605634
0 0.5862578125000001 0.5936384976525821 0.099546875 0.32971830985915496
0 0.929078125 0.6646361502347418 0.11865624999999999 0.40673708920187795
0 0.22491406249999998 0.32816901408450705 0.072390625 0.2548356807511737
0 0.3375625 0.8066784037558685 0.13528125 0.3163145539906103
0 0.6252421875 0.4659154929577465 0.083765625 0.3123474178403756
0 0.4881015625 0.3747535211267605 0.082828125 0.3263145539906103
0 0.5791171875 0.30646713615023474 0.086265625 0.24650234741784038
0 0.7728125 0.3423474178403756 0.1034375 0.2387323943661972
0 0.429 0.20179577464788734 0.09037500000000001 0.21147887323943662
0 0.350765625 0.20449530516431924 0.055343750000000004 0.20673708920187792
0 0.46010156249999995 0.4731807511737089 0.085765625 0.3070657276995305
0 0.370046875 0.6086619718309858 0.0986875 0.32333333333333336
0 0.49921875 0.5352112676056338 0.9984375 0.9107981220657277