0 0.21056 0.48855999999999994 0.07708 0.27408
0 0.49611 0.5124533333333334 0.0877 0.23279999999999998
0 0.31971999999999995 0.5486666666666666 0.07615999999999999 0.17104
0 0.47749 0.24202666666666667 0.0407 0.08949333333333334
0 0.21848 0.12938666666666665 0.03824 0.08821333333333332
0 0.30378000000000005 0.4237866666666667 0.053840000000000006 0.16330666666666668
0 0.25283 0.18236000000000002 0.038020000000000005 0.08530666666666666
0 0.29105000000000003 0.15121333333333334 0.04002 0.08952
0 0.26089999999999997 0.4858133333333334 0.03136 0.03717333333333333
0 0.27664999999999995 0.06318666666666667 0.05602 0.08232
0 0.30232 0.06596 0.0494 0.07490666666666666
0 0.42014999999999997 0.18362666666666666 0.03138 0.0728
0 0.40032999999999996 0.19741333333333333 0.033100000000000004 0.08746666666666666
0 0.499 0.2786666666666667 0.994 0.4826666666666667