0 0.2497578125 0.5312820512820513 0.425203125 0.8833974358974359
0 0.6011562500000001 0.26761217948717947 0.11703125 0.4478525641025641
0 0.466953125 0.3629967948717949 0.0821875 0.215224358974359
0 0.5221640625 0.3851282051282051 0.044671875 0.20564102564102563
0 0.039335937499999994 0.3403525641025641 0.047109374999999995 0.1885897435897436
0 0.3865078125 0.377676282051282 0.053890625000000004 0.16900641025641025
0 0.764765625 0.40759615384615383 0.11781250000000001 0.6582692307692307
0 0.9649765624999999 0.3484775641025641 0.067328125 0.342724358974359
0 0.919125 0.3292147435897436 0.08106250000000001 0.3483012820512821
0 0.84846875 0.3247115384615385 0.08215625 0.3617948717948718
0 0.1065625 0.4923717948717949 0.11950000000000001 0.38346153846153846
0 0.542265625 0.2925801282051282 0.0373125 0.13580128205128203
0 0.69575 0.37934294871794866 0.04071875 0.21798076923076926
0 0.45234375 0.4310897435897436 0.9046875 0.657051282051282