0 0.8627570093457944 0.8110625 0.15271028037383177 0.23759375
0 0.14311915887850465 0.1990234375 0.08492990654205608 0.116796875
0 0.5255607476635514 0.250046875 0.08742990654205608 0.062281249999999996
0 0.20460280373831777 0.5146484375 0.07724299065420562 0.074171875
0 0.498446261682243 0.52028125 0.0947429906542056 0.06428125
0 0.42114485981308414 0.47204687500000003 0.03411214953271028 0.0364375
0 0.4050233644859813 0.5199453125 0.07107476635514019 0.071578125
0 0.6596495327102804 0.24490624999999996 0.054112149532710284 0.04240625
0 0.33728971962616827 0.7505625 0.19233644859813082 0.19453125
0 0.3197780373831775 0.521296875 0.06212616822429907 0.06521875
0 0.5529672897196262 0.4816953125 0.062196261682242994 0.067484375
0 0.6613317757009346 0.458203125 0.06761682242990655 0.04065625
0 0.7520560747663552 0.27937500000000004 0.06691588785046729 0.03125
0 0.49883177570093457 0.3578125 0.9976635514018691 0.715625