0 0.78396875 0.68675 0.07575 0.228625
0 0.4651015625 0.5910104166666666 0.067765625 0.1381875
0 0.5934296875 0.45605208333333336 0.021515625 0.022312500000000002
0 0.32385937499999995 0.5893333333333334 0.039375 0.14104166666666668
0 0.3615546875 0.613125 0.046765625 0.09145833333333334
0 0.3290703125 0.5218541666666667 0.030921874999999998 0.036708333333333336
0 0.6748203125 0.5646458333333334 0.037703125 0.059333333333333335
0 0.6245546875000001 0.50465625 0.025359375 0.04422916666666667
0 0.428203125 0.4692395833333334 0.02496875 0.03252083333333333
0 0.7103125 0.45 0.0225625 0.017583333333333333
0 0.56503125 0.38684375 0.0233125 0.03239583333333333
0 0.4976015625 0.4604270833333333 0.017984375 0.020979166666666667
0 0.7286484375000001 0.5605520833333333 0.030390624999999998 0.06160416666666667
0 0.49921875 0.3385416666666667 0.9984375 0.54375