0 0.39889062500000005 0.47129672897196256 0.27134375 0.516892523364486
0 0.080328125 0.5714719626168224 0.16065625 0.3592990654205607
0 0.5949375 0.42497663551401865 0.05821875 0.2738785046728972
0 0.6551796875000001 0.4202570093457944 0.062796875 0.2738785046728972
0 0.7328125 0.48301401869158883 0.0819375 0.1491588785046729
0 0.7772265625 0.4660981308411215 0.064796875 0.1805607476635514
0 0.798921875 0.4361565420560748 0.03128125 0.1508177570093458
0 0.049593750000000006 0.1595560747663551 0.05109375000000001 0.07191588785046729
0 0.968125 0.4179789719626168 0.06375 0.2561915887850467
0 0.46957812499999996 0.17442757009345794 0.04203125 0.06203271028037383
0 0.33287500000000003 0.16741822429906542 0.0375625 0.06067757009345794
0 0.28619531249999997 0.4856542056074767 0.07570312500000001 0.17098130841121498
0 0.8657031249999999 0.46429906542056076 0.07859374999999999 0.1864485981308411
0 0.471875 0.30257009345794394 0.94375 0.5677570093457944