0 0.428546875 0.5808920187793427 0.34553124999999996 0.8157276995305164
0 0.8872734375 0.5353051643192489 0.217109375 0.9293896713615024
0 0.7478906249999999 0.11123239436619718 0.11368750000000001 0.22246478873239436
0 0.5984375 0.1251525821596244 0.170125 0.2246244131455399
0 0.2636953125 0.15850938967136152 0.157890625 0.2905868544600939
0 0.1650234375 0.14488262910798122 0.069453125 0.21615023474178402
0 0.4267890625 0.1188262910798122 0.151921875 0.22352112676056338
0 0.91053125 0.1316549295774648 0.13034375 0.2560798122065728
0 0.1113828125 0.1731338028169014 0.14551562499999998 0.26392018779342724
0 0.3310859375 0.10130281690140845 0.081265625 0.19739436619718312
0 0.10202343750000001 0.11738262910798121 0.051078124999999995 0.0697417840375587