0 0.051101562499999996 0.6393224299065421 0.090171875 0.17752336448598133
0 0.1633984375 0.339661214953271 0.046078125 0.1535747663551402
0 0.9023671875000001 0.23949766355140187 0.028359375 0.08287383177570093
0 0.8809921874999999 0.241892523364486 0.025890625 0.059813084112149535
0 0.8534453125000001 0.23781542056074764 0.041296875 0.07184579439252337
0 0.8201328125 0.206553738317757 0.039109375 0.05525700934579439
0 0.715734375 0.213446261682243 0.032718750000000005 0.06553738317757009
0 0.7713671875 0.25481308411214953 0.033984375 0.07649532710280374
0 0.8239843749999999 0.2472196261682243 0.02634375 0.04439252336448598
0 0.9941093750000001 0.267196261682243 0.01178125 0.048831775700934575
0 0.7865234375 0.20830607476635515 0.021265625 0.06175233644859813
0 0.8158749999999999 0.3109929906542056 0.030625000000000003 0.042313084112149534
0 0.8041484375 0.6220443925233645 0.10123437500000002 0.27123831775700935
0 0.5 0.33761682242990654 0.996875 0.6752336448598131