0 0.0643828125 0.5991216216216216 0.053828125000000004 0.24743243243243243
0 0.0930078125 0.5690135135135135 0.023265625 0.1311081081081081
0 0.13077343749999998 0.601608108108108 0.048296875 0.18245945945945946
0 0.2270390625 0.5988108108108108 0.039953125 0.0965945945945946
0 0.246 0.5965945945945946 0.04509375 0.10216216216216216
0 0.25565625000000003 0.589945945945946 0.032375 0.10270270270270271
0 0.27403125 0.5874054054054054 0.03740625 0.10713513513513513
0 0.8411250000000001 0.6219864864864865 0.05059375000000001 0.23791891891891892
0 0.4438281249999999 0.49536486486486486 0.0165 0.022837837837837837
0 0.205859375 0.6000945945945946 0.03771875 0.11229729729729729
0 0.7440546875 0.5362027027027028 0.007171874999999999 0.038513513513513516
0 0.921640625 0.605081081081081 0.03678125 0.12129729729729731