0 0.32036000000000003 0.11649333333333332 0.06056 0.17218666666666665
0 0.61989 0.3703733333333333 0.20238 0.4172266666666667
0 0.5182599999999999 0.21459999999999999 0.13652 0.40674666666666665
0 0.68084 0.2649333333333333 0.01924 0.03370666666666667
0 0.70747 0.29268 0.0285 0.174
0 0.73518 0.30726666666666663 0.04256 0.1741066666666667
0 0.23464 0.34508 0.16316 0.58216
0 0.63054 0.14838666666666667 0.08195999999999999 0.17218666666666665
0 0.39253 0.38182666666666665 0.1383 0.43117333333333335
0 0.34068 0.34652 0.24224 0.5147466666666667
0 0.82752 0.44880000000000003 0.09384 0.11482666666666667
0 0.26250999999999997 0.025586666666666667 0.06986 0.051173333333333335