0 0.7961419753086418 0.8668203125 0.15059670781893003 0.20414062500000002
0 0.6683024691358025 0.3828046875 0.20812757201646093 0.21779687499999997
0 0.40546296296296297 0.197546875 0.05606995884773663 0.11868749999999999
0 0.7955246913580247 0.1197265625 0.05438271604938272 0.106484375
0 0.18338477366255143 0.7124453125000001 0.06302469135802469 0.078296875
0 0.39185185185185184 0.654875 0.04860082304526749 0.05221875
0 0.7946810699588478 0.6116250000000001 0.05109053497942386 0.10634375
0 0.23713991769547324 0.6344296875000001 0.04267489711934156 0.097203125
0 0.9568312757201646 0.60171875 0.04843621399176955 0.128
0 0.03331275720164609 0.638453125 0.056666666666666664 0.11196874999999999
0 0.9632407407407408 0.0977578125 0.044382716049382716 0.110109375
0 0.8780761316872429 0.1055078125 0.04039094650205761 0.093953125
0 0.45150205761316875 0.34675781250000004 0.1231275720164609 0.319484375
0 0.49691358024691357 0.3578125 0.98559670781893 0.684375