0 0.4939296875 0.719551282051282 0.093953125 0.22535897435897437
0 0.5610390625 0.7256923076923076 0.096734375 0.25425641025641027
0 0.9841953125 0.22697435897435897 0.031609375 0.13692307692307693
0 0.7625234375 0.7381025641025641 0.10301562500000001 0.25943589743589746
0 0.6810625 0.7364743589743589 0.10037499999999999 0.2541282051282051
0 0.86621875 0.5872051282051283 0.03715625 0.08666666666666666
0 0.9535312499999999 0.5212435897435898 0.08875 0.21233333333333335
0 0.8360859375 0.20762820512820512 0.051265625 0.15356410256410258
0 0.5997578125 0.425051282051282 0.055453125000000006 0.17748717948717949
0 0.5607578125000001 0.43166666666666664 0.096609375 0.18138461538461537
0 0.4315546875 0.501051282051282 0.065953125 0.172
0 0.3051953125 0.44828205128205134 0.078421875 0.22830769230769232
0 0.558 0.520948717948718 0.056125 0.18507692307692308
0 0.5 0.5192307692307693 0.996875 0.8384615384615385