0 0.5535781249999999 0.31910018552875696 0.31984375 0.4988682745825603
0 0.2898046875 0.12079777365491651 0.071171875 0.23573283858998145
0 0.135734375 0.1448330241187384 0.07071875 0.22476808905380335
0 0.87809375 0.14344155844155843 0.06653125 0.19671614100185528
0 0.8430859375 0.12338589981447123 0.030015625 0.21181818181818182
0 0.7105390625 0.09175324675324675 0.07145312499999999 0.13029684601113173
0 0.5437109375 0.10256029684601113 0.042703124999999995 0.11224489795918367
0 0.081859375 0.15678107606679034 0.07928125 0.22087198515769943
0 0.8184140624999999 0.1251669758812616 0.039484375 0.1938961038961039
0 0.2506953125 0.11203153988868275 0.034859375 0.03949907235621521
0 0.7775234375 0.06930426716141003 0.062234374999999995 0.0767161410018553
0 0.394859375 0.18722634508348796 0.07496875 0.3560853432282004