0 0.4075526932084309 0.7494375 0.3974473067915691 0.47865624999999995
0 0.09010538641686183 0.6858671875 0.06611241217798595 0.048609374999999996
0 0.7306557377049181 0.7376875 0.1766744730679157 0.16021875000000002
0 0.8554918032786886 0.7431328125000001 0.11608899297423887 0.158765625
0 0.6913583138173302 0.591609375 0.054192037470726 0.04928125
0 0.20288056206088992 0.7575078125 0.1576580796252927 0.176171875
0 0.1751990632318501 0.53975 0.10627634660421546 0.07796875
0 0.6333723653395784 0.4653203125 0.05540983606557377 0.048078125
0 0.7847306791569086 0.3316015625 0.07559718969555035 0.047046875
0 0.02325526932084309 0.68428125 0.04651053864168618 0.056125
0 0.734543325526932 0.490203125 0.10360655737704919 0.06265625
0 0.5754566744730679 0.621859375 0.08149882903981263 0.06978124999999999
0 0.33311475409836067 0.541703125 0.06454332552693208 0.05140625
0 0.49882903981264637 0.4015625 0.9976580796252927 0.671875