0 0.7755855855855855 0.6526199999999999 0.2532132132132132 0.24712
0 0.3796846846846847 0.47903999999999997 0.12513513513513513 0.22444
0 0.5454804804804805 0.42801 0.10147147147147147 0.06106
0 0.6000750750750751 0.40709 0.01696696696696697 0.046700000000000005
0 0.29644144144144147 0.39981 0.05816816816816817 0.05638
0 0.324054054054054 0.47775 0.10996996996996997 0.14737999999999998
0 0.4728828828828829 0.43278999999999995 0.07537537537537538 0.15741999999999998
0 0.4502852852852853 0.40788 0.03648648648648649 0.0868
0 0.43358858858858856 0.39333000000000007 0.017867867867867867 0.03194
0 0.02280780780780781 0.57891 0.03846846846846847 0.41786
0 0.5543243243243243 0.35727000000000003 0.01033033033033033 0.01134
0 0.5092942942942943 0.39604 0.03618618618618619 0.05088