0 0.21539062500000003 0.7601285046728972 0.31028125 0.4594626168224299
0 0.3787109375 0.7217873831775701 0.174328125 0.519088785046729
0 0.04678125 0.503107476635514 0.0885 0.20785046728971962
0 0.48978125000000006 0.5230140186915888 0.0930625 0.4037850467289719
0 0.54515625 0.5274299065420561 0.05487499999999999 0.2601869158878505
0 0.7157265625 0.531658878504673 0.051671875 0.2638317757009346
0 0.6697031250000001 0.6048364485981309 0.042812499999999996 0.1953271028037383
0 0.1066953125 0.6071845794392523 0.105203125 0.28539719626168225
0 0.40881249999999997 0.5843341121495327 0.11415625 0.4310514018691589
0 0.6244453125 0.49462616822429906 0.076453125 0.37719626168224296
0 0.569859375 0.4681308411214953 0.04109375 0.22999999999999998
0 0.9471328124999999 0.4741121495327103 0.09489062499999999 0.26850467289719626
0 0.8374453124999999 0.5157593457943925 0.040015625 0.1435747663551402
0 0.4953125 0.49065420560747663 0.9875 0.3644859813084112