0 0.111234375 0.6469270833333333 0.198875 0.4494375
0 0.7702187500000001 0.41123958333333327 0.09775 0.27414583333333337
0 0.6868046875 0.2797708333333333 0.062359374999999995 0.2045
0 0.040453125 0.42696875 0.08090625 0.27414583333333337
0 0.411859375 0.3675416666666667 0.112625 0.31074999999999997
0 0.8366328124999999 0.3767083333333333 0.093515625 0.3519583333333333
0 0.358046875 0.12172916666666667 0.045125 0.05566666666666666
0 0.5862109375 0.36772916666666666 0.10814062499999999 0.26962499999999995
0 0.92128125 0.36231250000000004 0.0785 0.3892916666666667
0 0.9709687500000002 0.33121875 0.058062499999999996 0.26252083333333337
0 0.627 0.20226041666666666 0.0404375 0.07652083333333333
0 0.45932031249999994 0.2779375 0.062546875 0.14070833333333335
0 0.462265625 0.1921875 0.045625 0.06083333333333333
0 0.49921875 0.48125 0.9984375 0.9625