0 0.8708359374999999 0.7996244131455399 0.07585937499999999 0.38948356807511736
0 0.8076640625 0.7974178403755868 0.049390625 0.4024413145539906
0 0.14847656250000002 0.7536384976525821 0.007765625 0.052065727699530516
0 0.198796875 0.7515962441314554 0.0040625 0.02403755868544601
0 0.585890625 0.6995305164319249 0.003 0.022347417840375586
0 0.163046875 0.7539671361502347 0.00453125 0.04596244131455399
0 0.9772265625 0.7244600938967136 0.016046875 0.13427230046948357
0 0.234515625 0.7463615023474178 0.00478125 0.026056338028169014
0 0.225296875 0.7441784037558685 0.00421875 0.020281690140845073
0 0.9876953125 0.7330046948356808 0.024609375 0.3327699530516432
0 0.208453125 0.7526760563380281 0.0023125 0.02056338028169014
0 0.9417890625 0.8199061032863849 0.075484375 0.36018779342723006
0 0.49375 0.7065727699530516 0.984375 0.2300469483568075