0 0.861328125 0.4649270833333334 0.007531250000000001 0.01922916666666667
0 0.75925 0.5054791666666667 0.009031250000000001 0.021875
0 0.815578125 0.48442708333333334 0.005093749999999999 0.0134375
0 0.508390625 0.5068750000000001 0.01075 0.037083333333333336
0 0.491296875 0.6238541666666666 0.03403125 0.07220833333333333
0 0.30425781250000006 0.5558541666666666 0.013640625 0.051250000000000004
0 0.7064453125 0.492875 0.012890625 0.023375
0 0.812359375 0.52434375 0.0055625 0.03327083333333333
0 0.9937109375000001 0.6089583333333334 0.011953125 0.03983333333333334
0 0.7980234375 0.50634375 0.006828125 0.017520833333333333
0 0.8061562500000001 0.5098541666666666 0.007000000000000001 0.021374999999999998
0 0.7334140625000001 0.49865624999999997 0.002265625 0.006145833333333334
0 0.7979375 0.51375 0.010781250000000001 0.030625
0 0.6921875 0.5177083333333333 0.28125 0.08125