0 0.8430624999999999 0.5566393442622951 0.08884375 0.2663466042154567
0 0.8586171874999999 0.40502341920374707 0.041578125 0.08826697892271662
0 0.7224921875000001 0.3897658079625293 0.017703125 0.07564402810304449
0 0.750359375 0.36436768149882903 0.02515625 0.03407494145199064
0 0.63403125 0.3269555035128806 0.014624999999999999 0.02468384074941452
0 0.24498437499999998 0.34796252927400473 0.008624999999999999 0.01990632318501171
0 0.356921875 0.3782903981264637 0.013875000000000002 0.056159250585480096
0 0.9618984375 0.31903981264637 0.022390625 0.05793911007025761
0 0.7417187500000001 0.2555620608899297 0.017499999999999998 0.029765807962529277
0 0.7643984375 0.23971896955503513 0.018296875 0.03653395784543326
0 0.46353906249999993 0.16276346604215455 0.008453125 0.025011709601873537
0 0.443109375 0.16510538641686182 0.00975 0.02983606557377049
0 0.26559375 0.16324355971896956 0.00828125 0.027189695550351285
0 0.5 0.2189695550351288 0.996875 0.4379391100702576