0 0.8317734375000001 0.7167037861915367 0.336453125 0.5665924276169265
0 0.666390625 0.3411247216035635 0.038875 0.09819599109131404
0 0.7385859375 0.3438641425389755 0.027296874999999998 0.09726057906458797
0 0.9511875 0.3422383073496659 0.025968750000000002 0.1212249443207127
0 0.25179687500000003 0.33576837416481065 0.1076875 0.2799109131403118
0 0.8258750000000001 0.2824164810690423 0.01665625 0.026971046770601335
0 0.7683281249999999 0.28652561247216035 0.0156875 0.019510022271714923
0 0.78846875 0.2851002227171492 0.010687499999999999 0.023474387527839643
0 0.8178124999999999 0.20367483296213806 0.01121875 0.04138084632516703
0 0.94065625 0.12747216035634742 0.008125 0.021314031180400893
0 0.147859375 0.32857461024498885 0.01675 0.05679287305122494
0 0.1243671875 0.3246659242761692 0.016453125 0.06518930957683741
0 0.1356640625 0.3275723830734967 0.014859375 0.05857461024498887
0 0.54296875 0.19599109131403117 0.9109375 0.3429844097995546