0 0.8940390624999999 0.34488541666666667 0.13673437500000002 0.22764583333333333
0 0.1575859375 0.7168541666666667 0.31179687500000003 0.5438333333333334
0 0.84628125 0.7263541666666666 0.3074375 0.5270416666666666
0 0.5600859375 0.148625 0.104671875 0.185375
0 0.3699375 0.28877083333333337 0.12640625 0.2719166666666667
0 0.462296875 0.62815625 0.28140624999999997 0.7412708333333333
0 0.6865781249999999 0.3685 0.13946875 0.33816666666666667
0 0.7929765625 0.62359375 0.30842187499999996 0.6808958333333333
0 0.62053125 0.28915625000000006 0.10887500000000001 0.2064375
0 0.22644531250000002 0.3086458333333333 0.106390625 0.2799583333333333
0 0.5056406250000001 0.22515625 0.0680625 0.09564583333333333
0 0.068484375 0.36340625 0.13215625 0.3013958333333333
0 0.05128125 0.2509895833333333 0.09965625 0.20510416666666667
0 0.33828125 0.6177083333333333 0.6765625 0.7604166666666666