0 0.44553906249999997 0.47252759381898457 0.103390625 0.4749006622516556
0 0.81740625 0.3430132450331126 0.07690625 0.21101545253863135
0 0.5788125 0.3047792494481236 0.053437500000000006 0.18642384105960266
0 0.3057578125 0.31303532008830026 0.07523437499999999 0.2206401766004415
0 0.164578125 0.6256843267108168 0.32915625 0.5833774834437085
0 0.914453125 0.3594701986754966 0.08709375 0.31991169977924944
0 0.663171875 0.5608167770419425 0.37940625 0.8490949227373068
0 0.070265625 0.4220419426048565 0.10275000000000001 0.14306843267108169
0 0.226328125 0.3166335540838852 0.08687500000000001 0.16130242825607063
0 0.4378984375 0.29998896247240614 0.096765625 0.2092935982339956
0 0.35535937500000003 0.27381898454746134 0.03771875 0.11165562913907284
0 0.379578125 0.28980132450331125 0.060250000000000005 0.12905077262693157
0 0.137453125 0.3088079470198676 0.12246874999999999 0.17642384105960265
0 0.60625 0.31788079470198677 0.784375 0.26048565121412803