0 0.5144262295081968 0.86575 0.11203747072599532 0.20456249999999998
0 0.609192037470726 0.7300390625 0.051077283372365334 0.097546875
0 0.6468384074941451 0.7080703125000001 0.03601873536299766 0.076953125
0 0.8613817330210772 0.69421875 0.03395784543325527 0.07484375
0 0.9111007025761124 0.8451953124999999 0.13812646370023418 0.205015625
0 0.435327868852459 0.908703125 0.11112412177985949 0.18259375
0 0.0756791569086651 0.9197968750000001 0.1475175644028103 0.16040625
0 0.13344262295081968 0.8016874999999999 0.09948477751756439 0.07965625
0 0.19591334894613582 0.7887265625 0.10653395784543326 0.111234375
0 0.806615925058548 0.9094999999999999 0.11810304449648712 0.181
0 0.4763934426229508 0.7151328125 0.03676814988290398 0.085828125
0 0.30032786885245905 0.9006484375000001 0.12098360655737704 0.198703125
0 0.9423653395784543 0.665 0.024871194379391098 0.0466875
0 0.49882903981264637 0.81171875 0.9976580796252927 0.3734375