0 0.6303359375 0.67415625 0.141578125 0.4179791666666667
0 0.395265625 0.48873958333333334 0.0641875 0.25452083333333336
0 0.4768671875 0.5855312500000001 0.08529687500000001 0.21364583333333334
0 0.5542578125000001 0.5197187499999999 0.116109375 0.32560416666666664
0 0.44296875 0.44533333333333336 0.031125000000000003 0.12783333333333333
0 0.284421875 0.4463854166666667 0.05078125 0.1309375
0 0.1789453125 0.43553125000000004 0.031296875 0.15918749999999998
0 0.25272656250000003 0.4384895833333333 0.026484374999999998 0.1304375
0 0.7852812499999999 0.45984375 0.04090625 0.13514583333333335
0 0.737359375 0.4659166666666667 0.07246875 0.2764166666666667
0 0.21999218750000002 0.4430520833333334 0.035703125 0.14643750000000003
0 0.5 0.45208333333333334 0.996875 0.22083333333333333