0 0.5019375 0.832394859813084 0.09353125 0.27927570093457943
0 0.6944453125 0.8528855140186916 0.064640625 0.2561448598130841
0 0.6308203125 0.7414953271028037 0.023421875 0.06794392523364486
0 0.901953125 0.7334345794392523 0.01609375 0.03158878504672897
0 0.40440624999999997 0.7402803738317757 0.024125 0.0655607476635514
0 0.5996953125 0.7353271028037383 0.013359375000000001 0.06280373831775701
0 0.9390703125 0.7201518691588784 0.016796875 0.04394859813084112
0 0.7402734375000001 0.8659813084112149 0.090578125 0.25121495327102805
0 0.7758203124999999 0.8303738317757009 0.051984375000000006 0.24682242990654205
0 0.8442734375000001 0.8246728971962617 0.067203125 0.2094392523364486
0 0.49017968749999996 0.8747429906542057 0.056921875 0.172803738317757
0 0.9600859374999999 0.731285046728972 0.015390625 0.031822429906542056