0 0.78125 0.40879166666666666 0.04559375 0.12162500000000001
0 0.3515078125 0.6272708333333334 0.159453125 0.599875
0 0.4374140625 0.4946354166666667 0.10001562500000001 0.3288125
0 0.511984375 0.4311041666666667 0.02815625 0.11812500000000001
0 0.48803125 0.48467708333333337 0.05428125 0.2631041666666667
0 0.160953125 0.6157291666666667 0.31853125000000004 0.7640416666666667
0 0.796359375 0.37728125 0.01484375 0.0433125
0 0.807828125 0.3778854166666667 0.01534375 0.05427083333333334
0 0.733609375 0.37445833333333334 0.01 0.034874999999999996
0 0.688015625 0.39109374999999996 0.00846875 0.033229166666666664
0 0.8039296875000002 0.37242708333333335 0.006078125 0.02664583333333333