0 0.1006875 0.7206542056074766 0.201375 0.5258411214953271
0 0.26659375 0.6689252336448598 0.18978124999999998 0.5585514018691589
0 0.37945312500000006 0.36629672897196264 0.13374999999999998 0.23820093457943925
0 0.7110000000000001 0.5482009345794392 0.17228125 0.44588785046728974
0 0.8644296875 0.5201752336448598 0.21742187500000001 0.2152570093457944
0 0.7306796875 0.7797780373831776 0.538640625 0.41348130841121494
0 0.6282890625 0.4118107476635514 0.117390625 0.2724532710280374
0 0.25021875 0.38165887850467295 0.14578125 0.2247196261682243
0 0.02428125 0.3957943925233645 0.048125 0.1877570093457944
0 0.7370234375 0.35874999999999996 0.138671875 0.17600467289719626
0 0.596875 0.3310864485981308 0.05600000000000001 0.1008177570093458