0 0.703109375 0.39604166666666674 0.07162500000000001 0.24420833333333333
0 0.4289921875 0.29312499999999997 0.059765625 0.07675000000000001
0 0.3042109375 0.5853958333333333 0.28145312499999997 0.7213333333333334
0 0.0470390625 0.47894791666666664 0.094078125 0.4173958333333333
0 0.3725546875 0.2855520833333333 0.032296875 0.09360416666666667
0 0.4065390625 0.2879375 0.035921875 0.0805
0 0.6918203125 0.25692708333333336 0.033078125 0.09706250000000001
0 0.8430312500000001 0.23711458333333332 0.01984375 0.07227083333333333
0 0.8833515625 0.24246875 0.018953125 0.07485416666666667
0 0.8569921875000001 0.2318125 0.014015625 0.07604166666666666
0 0.793703125 0.24027083333333332 0.026218750000000002 0.06779166666666667
0 0.2767578125 0.28298958333333335 0.027671875000000002 0.06002083333333333
0 0.3022578125 0.31735416666666666 0.060890625 0.10825
0 0.54921875 0.5635416666666667 0.8984375 0.6729166666666667