0 0.05161718750000001 0.6938854166666667 0.102703125 0.3247291666666667
0 0.9561484375000001 0.7073958333333332 0.087703125 0.26158333333333333
0 0.3994375 0.6662916666666667 0.0573125 0.17304166666666668
0 0.5179375 0.76 0.09353125 0.44704166666666667
0 0.21564843749999998 0.6859791666666666 0.044515624999999996 0.20650000000000002
0 0.6124296874999999 0.6423437500000001 0.060921875 0.16497916666666665
0 0.6879140625 0.6808020833333333 0.057265625 0.2651458333333333
0 0.56821875 0.6621979166666667 0.0356875 0.17864583333333334
0 0.481765625 0.7190729166666667 0.0729375 0.3815625
0 0.37368750000000006 0.65403125 0.0299375 0.16864583333333333
0 0.3163125 0.6412083333333334 0.0701875 0.182
0 0.019796875 0.6560520833333333 0.03959375 0.2861458333333333
0 0.16433593750000003 0.6835833333333333 0.105390625 0.43012500000000004
0 0.30703125 0.6489583333333333 0.1453125 0.20208333333333334