0 0.0481953125 0.5512376237623763 0.045265625 0.24155115511551153
0 0.1533671875 0.5972277227722772 0.11173437500000001 0.3314851485148515
0 0.5980546875 0.546980198019802 0.166265625 0.4048514851485149
0 0.8741015625000002 0.5036633663366337 0.12689062499999998 0.4283828382838284
0 0.821578125 0.4969141914191419 0.10140625 0.38537953795379537
0 0.38044531249999997 0.5295709570957094 0.036046875 0.18264026402640265
0 0.6928906250000001 0.37391089108910885 0.028625 0.15825082508250826
0 0.6657265625 0.3751815181518152 0.031203124999999998 0.1662046204620462
0 0.62034375 0.3924092409240924 0.02525 0.15947194719471947
0 0.5755703125 0.3483168316831683 0.029796875 0.05841584158415841
0 0.3365234375 0.4151320132013201 0.029796875 0.06234323432343235
0 0.32925781249999997 0.5763036303630363 0.08429687500000001 0.3737293729372937
0 0.2768359375 0.49069306930693074 0.016484375000000002 0.051881188118811886
0 0.46875 0.4372937293729373 0.73125 0.28052805280528054