0 0.5998281249999999 0.492375 0.69965625 0.9306666666666668
0 0.15590625 0.4955 0.19718750000000002 0.8831666666666667
0 0.709265625 0.35664583333333333 0.07340624999999999 0.18979166666666666
0 0.661296875 0.19389583333333335 0.04190625 0.11437499999999999
0 0.65253125 0.11010416666666667 0.0558125 0.10629166666666667
0 0.30540625 0.22677083333333334 0.08325 0.17745833333333336
0 0.5186875 0.1436875 0.0476875 0.11170833333333333
0 0.277734375 0.3902291666666667 0.05378125 0.204125
0 0.7460625000000001 0.26766666666666666 0.0595 0.11941666666666667
0 0.7211562499999999 0.1884583333333333 0.058437499999999996 0.09558333333333334
0 0.657125 0.38166666666666665 0.046375 0.16158333333333333
0 0.635671875 0.29922916666666666 0.03128125 0.09470833333333334
0 0.031546875 0.2678125 0.06309375 0.13904166666666665
0 0.434375 0.25416666666666665 0.8625 0.5083333333333333