0 0.6089869281045751 0.3546813725490196 0.3595424836601307 0.4044934640522876
0 0.7193872549019609 0.691062091503268 0.03707516339869281 0.07415032679738562
0 0.8131045751633987 0.6925245098039216 0.032875816993464056 0.038088235294117645
0 0.8659558823529412 0.6905065359477124 0.02080065359477124 0.06045751633986928
0 0.922998366013072 0.6773774509803921 0.03511437908496732 0.08553921568627451
0 0.9561601307189542 0.6566421568627451 0.021013071895424836 0.04148692810457517
0 0.31281045751633985 0.7511274509803921 0.03447712418300654 0.0626797385620915
0 0.4180065359477124 0.7057434640522875 0.021568627450980392 0.04008169934640523
0 0.3641666666666667 0.7194035947712418 0.03820261437908497 0.06540849673202614
0 0.39181372549019605 0.7181944444444445 0.03107843137254902 0.06102941176470589
0 0.055857843137254906 0.4899019607843137 0.047892156862745096 0.12519607843137256