0 0.520421875 0.5960187353629977 0.11496875 0.4673067915690866
0 0.44614843750000005 0.48916861826697894 0.042546875 0.1316861826697892
0 0.33924218749999996 0.48951990632318504 0.041046875 0.14236533957845432
0 0.4149453125 0.49249414519906326 0.023578125 0.12859484777517563
0 0.38754687499999996 0.4871779859484778 0.032375 0.1060655737704918
0 0.7592578125 0.4393559718969555 0.015078125000000001 0.020585480093676813
0 0.6568750000000001 0.44697892271662765 0.01809375 0.030725995316159247
0 0.43858593749999997 0.5110070257611241 0.028109375 0.08238875878220141
0 0.937359375 0.44004683840749415 0.044875 0.062154566744730674
0 0.6874140625 0.4303864168618267 0.016671875 0.02864168618266979
0 0.35203124999999996 0.4519906323185012 0.0141875 0.05672131147540983
0 0.3575 0.49734192037470726 0.022875 0.09674473067915691