0 0.6077343749999999 0.5662604166666667 0.14965625 0.2914791666666667
0 0.1124140625 0.8081145833333333 0.121046875 0.35393749999999996
0 0.4805 0.7191979166666667 0.19221875 0.2924791666666666
0 0.5404140625 0.74778125 0.200953125 0.3765625
0 0.48986718749999997 0.10360416666666666 0.067578125 0.119375
0 0.9003359375000001 0.5939895833333334 0.11479687499999999 0.3528541666666667
0 0.7558515625 0.39298958333333334 0.136453125 0.2993125
0 0.4232578125 0.45727083333333335 0.200921875 0.29591666666666666
0 0.094828125 0.24125000000000002 0.1044375 0.33658333333333335
0 0.15069531249999998 0.14660416666666667 0.099390625 0.276625
0 0.7087109375 0.7460729166666666 0.193828125 0.2876458333333333
0 0.352359375 0.06973958333333334 0.0711875 0.10110416666666668
0 0.7677031249999999 0.25047916666666664 0.0570625 0.12679166666666666
0 0.4890625 0.190625 0.978125 0.38125