0 0.33681498829039813 0.5550546875 0.5591100702576113 0.8224843749999999
0 0.5440749414519906 0.0774375 0.16922716627634662 0.14528125
0 0.37763466042154564 0.0656484375 0.17391100702576115 0.131296875
0 0.2552341920374707 0.16990624999999998 0.126768149882904 0.20103125
0 0.10735362997658081 0.15619531250000002 0.17255269320843092 0.161515625
0 0.058044496487119436 0.2711640625 0.11304449648711945 0.141578125
0 0.6253044496487119 0.0656484375 0.15913348946135833 0.12601562500000002
0 0.6467681498829039 0.2712421875 0.16365339578454333 0.178421875
0 0.7989461358313816 0.2806640625 0.18482435597189695 0.165609375
0 0.6551053864168619 0.33258593750000004 0.11789227166276348 0.071921875
0 0.05174473067915691 0.3444765625 0.10348946135831381 0.073890625
0 0.7858665105386416 0.328359375 0.1513583138173302 0.07878125
0 0.767224824355972 0.13785937499999998 0.10920374707259954 0.10984374999999999
0 0.5128805620608899 0.153125 0.955503512880562 0.30625