0 0.06674218750000001 0.7867391304347825 0.081328125 0.31910755148741415
0 0.1052734375 0.6095766590389016 0.08882812500000001 0.18290617848970253
0 0.11774218749999998 0.5775171624713958 0.072515625 0.17297482837528605
0 0.1905859375 0.5529519450800915 0.05298437499999999 0.24874141876430206
0 0.2743671875 0.39274599542334093 0.033140625 0.15826086956521737
0 0.342015625 0.3925972540045767 0.04525 0.18862700228832954
0 0.179703125 0.5446681922196795 0.0386875 0.10915331807780321
0 0.08542968749999999 0.6334553775743706 0.10479687499999998 0.1803661327231121
0 0.31245312500000005 0.4013729977116705 0.03325 0.1283295194508009
0 0.572234375 0.4533409610983982 0.049875 0.07363844393592678
0 0.18038281250000002 0.660949656750572 0.057359375000000004 0.26652173913043475