0 0.38957031249999996 0.494375 0.192140625 0.55405
0 0.5304921875 0.22324166666666664 0.029421874999999997 0.03138333333333333
0 0.9225 0.4273416666666666 0.155 0.36405
0 0.7826562499999999 0.36741666666666667 0.217 0.3483
0 0.5645312499999999 0.22510833333333333 0.03425 0.03238333333333333
0 0.46501562500000004 0.21859166666666666 0.03490625 0.04578333333333333
0 0.5749921875 0.21913333333333332 0.015078125000000001 0.0307
0 0.24964843749999996 0.4353916666666667 0.17485937499999998 0.5011166666666667
0 0.10733593749999999 0.3522083333333333 0.109078125 0.16858333333333334
0 0.43525 0.21933333333333332 0.0195 0.057133333333333335
0 0.3471875 0.2236 0.02084375 0.049100000000000005
0 0.9687578125 0.23920000000000002 0.037953125 0.06726666666666667
0 0.4920703125 0.22573333333333334 0.023203124999999998 0.029133333333333334
0 0.47890625 0.2841666666666667 0.9578125 0.25833333333333336