0 0.1321328125 0.7709911894273128 0.160015625 0.26422907488986785
0 0.273546875 0.7695154185022025 0.13678125000000002 0.25837004405286346
0 0.746671875 0.7236674008810572 0.08634375 0.20962555066079294
0 0.372328125 0.5613766519823788 0.104125 0.3306387665198238
0 0.451203125 0.546431718061674 0.08887500000000001 0.34559471365638766
0 0.523140625 0.5590198237885463 0.07790625 0.28892070484581495
0 0.833109375 0.5841850220264317 0.06896875 0.23312775330396476
0 0.5707578125 0.7158700440528635 0.078671875 0.23451541850220264
0 0.5619921875 0.6630396475770924 0.112421875 0.2255066079295154
0 0.28159375 0.5388656387665198 0.08140625 0.3091409691629956
0 0.5809609375 0.5190528634361233 0.05682812499999999 0.19982378854625552
0 0.7298046874999999 0.5695044052863436 0.089515625 0.325704845814978
0 0.040796874999999996 0.5382929515418502 0.058062499999999996 0.2078193832599119