0 0.2996171875 0.6060114942528736 0.10379687500000001 0.3528505747126437
0 0.3402421875 0.3994252873563218 0.103640625 0.24372413793103448
0 0.5354140625 0.40688505747126436 0.101765625 0.25501149425287356
0 0.8972421874999998 0.45717241379310347 0.122828125 0.3726896551724138
0 0.8629296875 0.8182988505747126 0.176390625 0.34450574712643683
0 0.6369921875 0.8115057471264367 0.15326562500000002 0.3686206896551724
0 0.4685390625 0.6142758620689656 0.113984375 0.39411494252873563
0 0.6193515625 0.5438275862068965 0.10232812499999999 0.2831494252873563
0 0.12247656250000001 0.7700344827586207 0.149015625 0.4161149425287356
0 0.24896875000000002 0.8325747126436781 0.18328125 0.3078620689655172
0 0.3914296875 0.8289425287356322 0.155046875 0.3312643678160919
0 0.5414609374999999 0.8145977011494253 0.151203125 0.3258390804597701
0 0.705578125 0.5855862068965517 0.08503125 0.3238620689655172
0 0.52578125 0.5195402298850574 0.9328125 0.9517241379310345