0 0.7498671874999999 0.6078588235294117 0.267109375 0.5730352941176471
0 0.0940078125 0.477164705882353 0.160796875 0.3421411764705882
0 0.6737734375000001 0.4474941176470588 0.053078125 0.2248235294117647
0 0.5693046875000001 0.4118823529411765 0.184015625 0.2664470588235294
0 0.45099999999999996 0.4168117647058824 0.11465624999999999 0.22143529411764706
0 0.6219375 0.3830823529411765 0.053093749999999995 0.1620235294117647
0 0.222453125 0.3477058823529412 0.0411875 0.058611764705882356
0 0.18575781249999998 0.37865882352941177 0.049921875 0.10936470588235293
0 0.681078125 0.5056941176470588 0.05184375 0.13167058823529412
0 0.4116484375000001 0.5025647058823529 0.23914062500000002 0.4064941176470588
0 0.24548437499999998 0.7063764705882353 0.30890625 0.5640470588235295
0 0.25084375000000003 0.39736470588235295 0.09790625 0.11058823529411765
0 0.030109375000000004 0.3922470588235294 0.0575625 0.10727058823529413