0 0.734484375 0.8032786885245902 0.00403125 0.011100702576112413
0 0.7447421875 0.8046604215456674 0.003578125 0.009508196721311474
0 0.6859609375 0.7989929742388759 0.004578125000000001 0.006416861826697893
0 0.7013828125 0.7976580796252927 0.004703125 0.008524590163934427
0 0.6956171875 0.7996955503512881 0.003203125 0.005433255269320843
0 0.7666640625000001 0.804566744730679 0.004078125 0.01882903981264637
0 0.52771875 0.7923185011709601 0.004625 0.0069320843091334895
0 0.14347656250000002 0.7846838407494146 0.006296875 0.007306791569086651
0 0.0353515625 0.7847540983606557 0.0054218750000000005 0.012412177985948477
0 0.7096875 0.8000234192037471 0.0034375000000000005 0.0042622950819672135
0 0.5917109375 0.792728337236534 0.0063281249999999995 0.008173302107728337