0 0.43744531250000007 0.6805506607929515 0.149703125 0.26374449339207046
0 0.55215625 0.4891409691629956 0.11028125 0.21643171806167402
0 0.6029765625 0.5243832599118943 0.07270312500000001 0.11700440528634361
0 0.649921875 0.4917070484581497 0.08149999999999999 0.17332599118942732
0 0.3023203125 0.31528634361233476 0.055515625 0.16237885462555066
0 0.23178906250000003 0.3352312775330396 0.040671875 0.07865638766519824
0 0.1677734375 0.3758590308370044 0.040296874999999996 0.0718942731277533
0 0.0905546875 0.4145704845814978 0.033703125 0.07420704845814978
0 0.739203125 0.23612334801762117 0.05571875 0.06312775330396476
0 0.75071875 0.28190528634361234 0.052531249999999995 0.06654185022026432
0 0.4724375 0.432488986784141 0.0333125 0.044008810572687226
0 0.11297656249999999 0.32338105726872246 0.045234375 0.06129955947136564
0 0.209421875 0.3979625550660793 0.05065625 0.125
0 0.49921875 0.24008810572687225 0.9984375 0.4801762114537445