0 0.3932217090069284 0.7242109375 0.329122401847575 0.443953125
0 0.5940646651270208 0.7629609374999999 0.11584295612009238 0.174328125
0 0.8284757505773672 0.7347421875 0.07593533487297922 0.179421875
0 0.6449769053117782 0.6093671875 0.03785219399538106 0.022296875
0 0.947782909930716 0.60540625 0.029330254041570438 0.022593750000000003
0 0.8552886836027714 0.6049296875000001 0.03653579676674365 0.015734375000000002
0 0.18151270207852194 0.6081328125 0.041270207852194 0.023515625000000002
0 0.7564665127020785 0.614609375 0.014133949191685912 0.011125
0 0.9130600461893765 0.6084296874999999 0.030831408775981523 0.020015625000000002
0 0.6842378752886835 0.606515625 0.05143187066974596 0.031468750000000004
0 0.977621247113164 0.5987890625000001 0.03367205542725173 0.036328125
0 0.5952078521939954 0.6135234374999999 0.031986143187066975 0.014546875
0 0.4292725173210162 0.6066796875 0.030184757505773673 0.026671875
0 0.7713625866050808 0.334375 0.18013856812933027 0.571875