0 0.04278125000000001 0.6385714285714286 0.050375 0.12969555035128807
0 0.08701562500000001 0.6405971896955502 0.048625 0.12470725995316159
0 0.5202578125 0.438208430913349 0.173921875 0.44943793911007024
0 0.6611640624999999 0.5717213114754098 0.054671875 0.15735362997658078
0 0.7751406249999999 0.5719086651053864 0.053968749999999996 0.22245901639344262
0 0.1872265625 0.6199414519906324 0.030515625 0.09908665105386417
0 0.7219140625 0.6026814988290399 0.076453125 0.330327868852459
0 0.45474999999999993 0.6176814988290398 0.044625 0.1669320843091335
0 0.2058515625 0.7264871194379391 0.061921875 0.10571428571428572
0 0.14446874999999998 0.6719086651053864 0.055625 0.12442622950819673
0 0.9033046875 0.4541569086651054 0.086734375 0.17637002341920374
0 0.953125 0.5987002341920374 0.090125 0.6935128805620608
0 0.2655078125 0.6270140515222483 0.031296875 0.07168618266978923
0 0.48828125 0.5690866510538641 0.9546875 0.5245901639344263