0 0.103421875 0.6383840749414521 0.05553125 0.2615456674473068
0 0.8748906250000001 0.6297423887587822 0.06203125 0.2913817330210773
0 0.820171875 0.6180444964871193 0.05834375000000001 0.27014051522248245
0 0.5160390625 0.4594496487119438 0.043390625 0.09946135831381733
0 0.3419140625 0.5800702576112412 0.013421875 0.03372365339578454
0 0.6991875000000001 0.617751756440281 0.03415625 0.18163934426229508
0 0.5952578125 0.4570140515222483 0.063078125 0.12470725995316159
0 0.193109375 0.6116861826697892 0.012718750000000001 0.08112412177985949
0 0.31488281249999994 0.5827985948477752 0.009015625 0.037400468384074945
0 0.21449218750000001 0.6032435597189696 0.007609375 0.06822014051522247
0 0.016148437499999998 0.5942974238875878 0.025484374999999997 0.06007025761124121