0 0.7166640625 0.6112412177985949 0.39582812500000003 0.6921311475409837
0 0.275328125 0.7416042154566745 0.30328125 0.4145901639344262
0 0.9319921875 0.0840983606557377 0.13148437500000001 0.1681967213114754
0 0.811875 0.08314988290398127 0.1244375 0.16629976580796255
0 0.6634609375 0.0916744730679157 0.137296875 0.16278688524590165
0 0.2811328125 0.11122950819672131 0.141796875 0.22245901639344262
0 0.1274453125 0.0809016393442623 0.095953125 0.15730679156908667
0 0.0522265625 0.10018735362997658 0.090078125 0.20037470725995316
0 0.6727734375 0.04146370023419203 0.118328125 0.08292740046838407
0 0.5474609375 0.09159250585480096 0.100734375 0.1757377049180328
0 0.11668750000000001 0.6623419203747073 0.20224999999999999 0.5645901639344263
0 0.5365703125 0.06588992974238876 0.147171875 0.12868852459016394