0 0.6182187499999999 0.3729625292740047 0.171125 0.26194379391100703
0 0.6347031249999999 0.7042037470725995 0.007625 0.04873536299765808
0 0.3396953125 0.7445550351288056 0.023078124999999998 0.058618266978922716
0 0.3729609375 0.6828688524590165 0.010453125 0.022693208430913346
0 0.38961718749999996 0.6827751756440281 0.010078125 0.01927400468384075
0 0.42074999999999996 0.6856088992974239 0.00859375 0.022646370023419203
0 0.6704765625 0.7389344262295081 0.028109375 0.052810304449648716
0 0.7179453125 0.7337470725995316 0.016828125 0.06459016393442622
0 0.7544609375 0.6854566744730679 0.009890625 0.029648711943793912
0 0.34703906250000005 0.7864285714285715 0.040390625 0.06330210772833723
0 0.4919921875 0.6971545667447306 0.010546875 0.038290398126463704
0 0.291921875 0.7134074941451991 0.00840625 0.041896955503512884
0 0.40396874999999993 0.6884074941451991 0.00809375 0.016814988290398125