0 0.596484375 0.3449299065420561 0.0363125 0.04504672897196262
0 0.3234296875 0.3313084112149533 0.032046875 0.06490654205607477
0 0.2470078125 0.29348130841121495 0.028109375 0.06985981308411214
0 0.245703125 0.1772546728971963 0.027625 0.041285046728971965
0 0.4602421875 0.39372663551401865 0.161609375 0.4928271028037383
0 0.24718749999999998 0.2069626168224299 0.01953125 0.038925233644859815
0 0.8227890625000001 0.3752803738317757 0.055609375 0.13934579439252337
0 0.6384296875000001 0.33267523364485985 0.028484375 0.06053738317757009
0 0.5749921875 0.33774532710280375 0.018828125 0.06128504672897196
0 0.5456484374999999 0.330911214953271 0.042453125 0.06929906542056075
0 0.7378750000000001 0.3238434579439253 0.037125000000000005 0.0785747663551402
0 0.7278593750000001 0.28478971962616817 0.02590625 0.05873831775700935
0 0.764984375 0.28143691588785047 0.029218749999999998 0.048761682242990656
0 0.5 0.47313084112149534 0.996875 0.9462616822429907