0 0.4685390625 0.7044999999999999 0.182015625 0.5595416666666666
0 0.3846640625 0.5190208333333334 0.030359375 0.13683333333333333
0 0.6426328125 0.5388125 0.066765625 0.14183333333333334
0 0.229 0.5279375 0.0395625 0.091625
0 0.5752578125 0.52934375 0.030546875 0.1184375
0 0.3602265625 0.53134375 0.027390625000000002 0.09131249999999999
0 0.4077109375 0.5118541666666666 0.026140625 0.10970833333333332
0 0.59784375 0.5326875 0.0301875 0.09716666666666667
0 0.15771875 0.5433958333333333 0.03525 0.09441666666666666
0 0.0050078125 0.5157708333333333 0.008328125 0.10283333333333333
0 0.055398437499999995 0.5242395833333333 0.031328125 0.14022916666666668
0 0.12621875 0.5219270833333334 0.04403125 0.11835416666666668
0 0.0287421875 0.5335 0.046046875 0.17816666666666667