0 0.482828125 0.8006458333333334 0.10943750000000001 0.37554166666666666
0 0.3218515625 0.7846145833333333 0.143703125 0.41052083333333333
0 0.85721875 0.7438854166666666 0.106625 0.3517291666666667
0 0.7077890625000001 0.6282395833333333 0.037734375 0.04864583333333334
0 0.54759375 0.6704166666666667 0.0455 0.154875
0 0.9654296875 0.6847916666666667 0.052078124999999996 0.16308333333333333
0 0.049374999999999995 0.6278645833333333 0.01234375 0.0478125
0 0.431203125 0.6673229166666665 0.0363125 0.13556249999999997
0 0.08332031250000001 0.6133124999999999 0.018203125 0.06699999999999999
0 0.0845546875 0.7823749999999999 0.132984375 0.43524999999999997
0 0.48082812499999994 0.6095104166666666 0.01528125 0.014729166666666666