0 0.6551053864168619 0.5325859375 0.602903981264637 0.588765625
0 0.9490983606557378 0.497640625 0.09032786885245901 0.11674999999999999
0 0.9410772833723654 0.411015625 0.09948477751756439 0.0764375
0 0.846264637002342 0.4222734375 0.13426229508196721 0.11376562500000001
0 0.5373067915690867 0.42134374999999996 0.08309133489461358 0.07584375
0 0.4079274004683841 0.41985156250000005 0.16658079625292738 0.070609375
0 0.28646370023419204 0.540140625 0.1356440281030445 0.105625
0 0.2862997658079625 0.604703125 0.13288056206088994 0.10471875
0 0.46734192037470723 0.6241484374999999 0.16676814988290398 0.066296875
0 0.8991569086651053 0.5149921875000001 0.11156908665105386 0.127515625
0 0.10717798594847776 0.6049765625 0.15131147540983605 0.100953125
0 0.164519906323185 0.550546875 0.1252927400468384 0.0984375
0 0.7581147540983607 0.19607812500000002 0.07894613583138174 0.07990625
0 0.5 0.3359375 0.9953161592505855 0.671875