0 0.5355390625 0.473875 0.041578125 0.14816666666666667
0 0.6535703125000001 0.43736458333333333 0.032609375 0.09047916666666667
0 0.6851015625000001 0.4553333333333333 0.032328125 0.11904166666666667
0 0.731734375 0.4341979166666667 0.03975 0.08614583333333334
0 0.8713515624999999 0.45730208333333333 0.043828125 0.11910416666666666
0 0.8342734375 0.4475729166666667 0.030015625 0.1090625
0 0.722265625 0.51825 0.10521875 0.10520833333333333
0 0.3727421875 0.47930208333333335 0.041859375 0.12647916666666667
0 0.4030625 0.43293750000000003 0.0238125 0.043333333333333335
0 0.2732578125 0.5296979166666667 0.030578125 0.07435416666666667
0 0.47355468749999996 0.46529166666666666 0.037328125000000004 0.11716666666666667
0 0.6064765624999999 0.44553125 0.019953125 0.0755625
0 0.78390625 0.46584375 0.03240625 0.11214583333333333
0 0.5875 0.45625 0.821875 0.7083333333333334