0 0.697890625 0.754841628959276 0.026000000000000002 0.0402262443438914
0 0.75178125 0.6712217194570136 0.013875000000000002 0.04972850678733032
0 0.2234609375 0.6530429864253393 0.064171875 0.32766968325791856
0 0.6439296875 0.8332692307692307 0.024921875 0.05554298642533937
0 0.8373046875 0.7271040723981901 0.025671875 0.050633484162895925
0 0.9315078125000001 0.6830995475113122 0.023265625 0.04936651583710407
0 0.6293515624999999 0.5694343891402714 0.008859375 0.016561085972850678
0 0.157078125 0.6292081447963801 0.08325 0.34502262443438914
0 0.11374999999999999 0.6239592760180996 0.052593749999999995 0.2593665158371041
0 0.2810546875 0.6382013574660633 0.066515625 0.2983031674208145
0 0.6868984375 0.6734728506787331 0.018984375 0.06042986425339367
0 0.34985937500000003 0.6964140271493212 0.10687500000000001 0.3212443438914027
0 0.49653906249999996 0.5931221719457014 0.014859375 0.02429864253393665
0 0.5 0.4592760180995475 0.996875 0.8009049773755657