0 0.5374533333333333 0.94601 0.04237333333333333 0.10798
0 0.9579733333333333 0.79168 0.05877333333333333 0.14412
0 0.3375066666666667 0.8363 0.022 0.02188
0 0.5416266666666666 0.82637 0.029013333333333335 0.04298
0 0.47321333333333326 0.8570699999999999 0.02306666666666667 0.0501
0 0.2834933333333333 0.8330500000000001 0.02928 0.04542
0 0.12722666666666665 0.973 0.044853333333333335 0.054
0 0.8524400000000001 0.96587 0.11485333333333334 0.06542
0 0.77112 0.7846500000000001 0.09418666666666667 0.14314
0 0.21337333333333333 0.88883 0.03442666666666667 0.0725
0 0.3072666666666667 0.84425 0.023813333333333332 0.04922
0 0.50312 0.95179 0.05194666666666667 0.09642
0 0.8375466666666668 0.7679000000000001 0.07184 0.15812
0 0.5 0.499 0.9946666666666667 0.998