0 0.1906796875 0.6148750000000001 0.11114062499999999 0.32769444444444445
0 0.039781250000000004 0.6570555555555555 0.030906250000000003 0.1766111111111111
0 0.010445312500000001 0.6564861111111111 0.019765625000000002 0.1766388888888889
0 0.2842109375 0.5057638888888889 0.056203125 0.12330555555555556
0 0.4172421875 0.5439861111111111 0.038078125000000004 0.13302777777777777
0 0.3919140625 0.6059305555555555 0.054734375 0.2499722222222222
0 0.47683593750000003 0.582486111111111 0.11126562499999999 0.3151388888888889
0 0.7715078125 0.5435972222222222 0.075015625 0.2559166666666667
0 0.6716171875 0.5799583333333334 0.132046875 0.34397222222222223
0 0.354046875 0.6395277777777778 0.08165625 0.3895
0 0.569953125 0.5169444444444444 0.08209375 0.19649999999999998
0 0.931 0.5018333333333334 0.060625 0.2187777777777778
0 0.8473203125000002 0.5532083333333333 0.06979687500000001 0.21502777777777776
0 0.71171875 0.6402777777777777 0.5734375 0.49166666666666664