0 0.2001015625 0.3722821100917431 0.146703125 0.385848623853211
0 0.3796875 0.33829128440366973 0.0578125 0.14809633027522934
0 0.7195234375 0.3089908256880734 0.097984375 0.17752293577981654
0 0.8348203125 0.3550114678899082 0.074640625 0.1709862385321101
0 0.297921875 0.2952293577981651 0.06384375 0.1561926605504587
0 0.4662578125 0.30669724770642204 0.082265625 0.14229357798165138
0 0.5451015625 0.31365825688073395 0.089515625 0.21782110091743118
0 0.634453125 0.2981651376146789 0.07703125 0.15178899082568809
0 0.7848828125 0.48579128440366975 0.077546875 0.2957568807339449
0 0.24070312499999996 0.26642201834862383 0.055406250000000004 0.1206880733944954
0 0.052640624999999996 0.3232798165137614 0.10528124999999999 0.16348623853211008
0 0.0436328125 0.5040481651376146 0.081296875 0.317545871559633
0 0.072328125 0.2739449541284404 0.07128124999999999 0.14192660550458716
0 0.5 0.44380733944954126 0.996875 0.5619266055045872