0 0.44318749999999996 0.4831408775981524 0.06840625 0.21122401847575056
0 0.3321328125 0.11183602771362586 0.069203125 0.1764203233256351
0 0.48575 0.1236027713625866 0.196125 0.20674364896073902
0 0.6604687499999999 0.07699769053117783 0.07503125000000001 0.1051270207852194
0 0.738890625 0.7449422632794457 0.0699375 0.06965357967667436
0 0.9061328124999999 0.15280600461893765 0.155078125 0.26066974595842957
0 0.11554687499999998 0.48315242494226324 0.12771875 0.19775981524249422
0 0.8313359375000001 0.4871362586605081 0.076171875 0.208175519630485
0 0.32003906249999997 0.7741570438799076 0.080578125 0.17302540415704387
0 0.0838671875 0.7513048498845265 0.073671875 0.13475750577367207
0 0.6993671875 0.5157390300230947 0.079046875 0.2674133949191686
0 0.5229609375 0.7915588914549654 0.169609375 0.21304849884526558
0 0.9197031250000001 0.7643302540415704 0.11981250000000002 0.1666743648960739
0 0.77734375 0.4815242494226328 0.0484375 0.21478060046189376