0 0.4134765625 0.8398333333333333 0.061953125 0.2232916666666667
0 0.4728593750000001 0.8243229166666667 0.036625000000000005 0.1310625
0 0.6085234375 0.8170625 0.032328125 0.110875
0 0.7655703125 0.8032395833333333 0.031859375 0.0830625
0 0.8812656249999999 0.8369791666666667 0.037343749999999995 0.16987500000000003
0 0.9574140625 0.8378125 0.057484375 0.14820833333333333
0 0.9175078124999999 0.8210729166666667 0.022453124999999997 0.12522916666666667
0 0.8425078125000001 0.8283645833333332 0.024640625 0.1459375
0 0.508765625 0.8125625 0.0418125 0.106625
0 0.8708671875 0.7788020833333333 0.014796875000000001 0.03964583333333334
0 0.6772421875 0.81575 0.015890625 0.10566666666666666
0 0.6469218750000001 0.8170729166666667 0.011125 0.11347916666666666
0 0.8652421875 0.8138333333333333 0.008203125 0.08383333333333334
0 0.5640625 0.6479166666666667 0.86875 0.6083333333333333