0 0.6439921875 0.5601291079812207 0.008984375 0.030821596244131458
0 0.5543046875 0.8536854460093897 0.018453125 0.09272300469483569
0 0.39504687499999996 0.9224295774647887 0.03371875 0.07330985915492957
0 0.2895390625 0.8770774647887324 0.028796875 0.08002347417840376
0 0.9626796875 0.7542605633802817 0.031296875 0.0573943661971831
0 0.912109375 0.7328638497652582 0.01634375 0.04704225352112676
0 0.54440625 0.8753051643192488 0.03128125 0.07784037558685446
0 0.64284375 0.8745657276995306 0.0190625 0.10368544600938967
0 0.7624609375 0.500093896713615 0.007015625 0.016901408450704227
0 0.0322734375 0.806349765258216 0.019546875 0.03913145539906104
0 0.3355390625 0.4496126760563381 0.0038906250000000004 0.007863849765258215
0 0.39140625 0.5 0.0359375 0.028169014084507043