0 0.2696640625 0.6022395833333333 0.205609375 0.7505624999999999
0 0.09434374999999999 0.3853958333333333 0.05675 0.22766666666666666
0 0.1673203125 0.41615625 0.057015625 0.3042708333333334
0 0.1950625 0.36616666666666664 0.047031250000000004 0.17645833333333333
0 0.36893750000000003 0.4112604166666667 0.03228125 0.3457708333333333
0 0.67246875 0.6966354166666666 0.22246875 0.5842708333333333
0 0.13815625 0.37710416666666663 0.03478125 0.1615
0 0.0086171875 0.3184895833333333 0.017078125 0.03927083333333334
0 0.9272578125 0.5846979166666666 0.145484375 0.5830625
0 0.011234375000000001 0.5642604166666667 0.022468750000000003 0.2557291666666667
0 0.043453124999999995 0.4217916666666667 0.06915625 0.325125
0 0.35280468750000005 0.43943750000000004 0.039015625 0.18291666666666667
0 0.017453125 0.37782291666666673 0.03490625 0.19943750000000002