0 0.52928125 0.6786416861826697 0.04475 0.2469320843091335
0 0.13182812500000002 0.6579859484777517 0.0411875 0.24744730679156907
0 0.1603359375 0.6720023419203747 0.041421875000000004 0.2410538641686183
0 0.23092968749999998 0.6822248243559719 0.048734375 0.2820608899297424
0 0.31739843749999996 0.673056206088993 0.057046875 0.2475175644028103
0 0.36156249999999995 0.6697658079625293 0.03325 0.2379391100702576
0 0.39796875 0.6670608899297423 0.04740625 0.25449648711943795
0 0.7871406249999999 0.5689110070257611 0.04715625 0.059367681498829046
0 0.4881484374999999 0.6771896955503514 0.05689062499999999 0.2529742388758782
0 0.502984375 0.5676697892271663 0.021875 0.07533957845433256
0 0.43869531250000005 0.6713466042154566 0.039390625 0.24353629976580796
0 0.5668593749999999 0.6644145199063232 0.04090625 0.2594145199063232
0 0.3844609375 0.5536768149882905 0.029390624999999997 0.07063231850117097
0 0.4453125 0.5714285714285714 0.21875 0.08899297423887588