0 0.7075703125 0.6087236533957846 0.058359375000000005 0.12007025761124122
0 0.15532812499999998 0.7513817330210774 0.05703125 0.10206088992974238
0 0.09029687500000001 0.7574004683840748 0.04325 0.09372365339578455
0 0.0682109375 0.7618032786885246 0.034265625 0.06721311475409836
0 0.7368515625 0.5118032786885246 0.058578125 0.22988290398126462
0 0.692125 0.5099180327868852 0.04790625 0.15388758782201403
0 0.290765625 0.5112646370023419 0.40721875 0.6373770491803279
0 0.5847421875 0.5952810304449648 0.095953125 0.3988056206088993
0 0.204828125 0.7068149882903981 0.03796875 0.16299765807962527
0 0.13525 0.751592505854801 0.02840625 0.08655737704918033
0 0.8403593749999999 0.5494496487119438 0.06296874999999999 0.09969555035128806