0 0.5302694610778442 0.8429000000000001 0.03544910179640719 0.05392
0 0.2632934131736527 0.8311900000000001 0.015928143712574852 0.01666
0 0.22335329341317367 0.85087 0.037125748502994015 0.03646
0 0.8082784431137724 0.8252200000000001 0.024820359281437124 0.04204
0 0.34622754491017965 0.8412900000000001 0.03341317365269461 0.056420000000000005
0 0.412874251497006 0.8390400000000001 0.03311377245508982 0.06744
0 0.43329341317365266 0.83906 0.022275449101796407 0.0632
0 0.5828293413173652 0.85125 0.02511976047904192 0.04002
0 0.06309880239520958 0.8340400000000001 0.03392215568862275 0.0694
0 0.288248502994012 0.84461 0.021766467065868263 0.05126
0 0.5697604790419162 0.8284199999999999 0.01712574850299401 0.03936
0 0.7087275449101796 0.8404299999999999 0.027095808383233534 0.047259999999999996
0 0.14730538922155686 0.82519 0.01934131736526946 0.03354
0 0.6856287425149701 0.837 0.03592814371257485 0.054