0 0.7854500000000001 0.74932 0.18242 0.43060000000000004
0 0.1226 0.57969 0.014199999999999999 0.03742
0 0.86015 0.60284 0.01754 0.038439999999999995
0 0.24159 0.58115 0.01738 0.03542
0 0.21915 0.5825899999999999 0.01066 0.03258
0 0.64997 0.59323 0.023899999999999998 0.054060000000000004
0 0.8741899999999999 0.59466 0.01506 0.044719999999999996
0 0.47155 0.58418 0.00762 0.02364
0 0.74714 0.5871000000000001 0.02016 0.04204
0 0.51944 0.58348 0.0114 0.03096
0 0.95812 0.59933 0.02168 0.04094
0 0.39402 0.5859 0.01168 0.026199999999999998
0 0.70268 0.5893499999999999 0.0358 0.04562
0 0.164 0.579 0.02 0.03