0 0.546125 0.7299297423887589 0.04984375 0.07498829039812648
0 0.5758046875 0.7202341920374707 0.027828125 0.07044496487119438
0 0.5446171875 0.6727283372365339 0.026890625 0.1226463700234192
0 0.48655468749999997 0.7414871194379391 0.091296875 0.04826697892271663
0 0.12985156250000002 0.819016393442623 0.11642187500000001 0.07606557377049179
0 0.288078125 0.7546838407494145 0.0366875 0.06707259953161593
0 0.7680234374999999 0.7466744730679158 0.15532812499999998 0.06838407494145199
0 0.6627890625 0.6265690866510539 0.017046875 0.06812646370023419
0 0.4146328125 0.7430210772833723 0.029265625 0.07110070257611241
0 0.207375 0.8068969555035129 0.04246875 0.043208430913348944
0 0.1323671875 0.8098009367681499 0.038390625 0.028360655737704916
0 0.585828125 0.6552341920374707 0.01634375 0.030843091334894615
0 0.9497968749999999 0.5305503512880562 0.0064375000000000005 0.029297423887587822
0 0.4890625 0.6697892271662763 0.978125 0.34192037470725994