0 0.7937812500000001 0.44659375 0.00696875 0.026895833333333334
0 0.47528125 0.45505208333333336 0.08090625 0.2494375
0 0.652671875 0.4720520833333333 0.01771875 0.0316875
0 0.579 0.5041666666666667 0.02753125 0.07441666666666666
0 0.64234375 0.49171875000000004 0.01690625 0.05689583333333333
0 0.8324140625 0.4353854166666667 0.012171875 0.034312499999999996
0 0.780109375 0.44948958333333333 0.008875 0.024729166666666667
0 0.42858593749999996 0.5237708333333334 0.011796875 0.045375000000000006
0 0.6287734375 0.4399583333333333 0.010328125 0.042625
0 0.5373984375 0.4921041666666667 0.009265625 0.02754166666666667
0 0.804296875 0.43790625 0.010437499999999999 0.022770833333333334