0 0.7616393442622952 0.6932343750000001 0.18501170960187355 0.40018750000000003
0 0.5406674473067916 0.706796875 0.24044496487119438 0.4225625
0 0.37936768149882905 0.567890625 0.08252927400468385 0.13903125
0 0.4224590163934426 0.5597734375 0.056861826697892276 0.130953125
0 0.4674121779859484 0.5215234375 0.04264637002341921 0.053953125000000005
0 0.12581967213114753 0.5613359375 0.07271662763466043 0.121109375
0 0.06079625292740047 0.5482500000000001 0.06416861826697892 0.088
0 0.3239578454332553 0.5225234375000001 0.025573770491803278 0.032609375
0 0.2552107728337236 0.6881562499999999 0.22704918032786886 0.429625
0 0.6202693208430914 0.6463046875 0.10498829039812646 0.275296875
0 0.1852341920374707 0.531875 0.0685480093676815 0.06059375