0 0.683421875 0.6561770833333334 0.24775 0.37752083333333336
0 0.49292968750000005 0.6279687500000001 0.156796875 0.2861458333333333
0 0.6438203125 0.4730416666666667 0.185390625 0.2674166666666667
0 0.9001015625000001 0.5729062500000001 0.151859375 0.22497916666666665
0 0.251234375 0.5946666666666667 0.080125 0.18966666666666668
0 0.1591015625 0.6891875 0.155109375 0.409375
0 0.314203125 0.6735729166666666 0.09678125 0.31347916666666664
0 0.6375703125 0.3763958333333334 0.131546875 0.14645833333333333
0 0.7716406250000001 0.5695416666666666 0.0704375 0.18816666666666665
0 0.0944609375 0.7577291666666667 0.188921875 0.4845416666666667
0 0.1991015625 0.6007604166666667 0.089296875 0.22060416666666666