0 0.67825 0.532640625 0.57175 0.93471875
0 0.0752890625 0.700734375 0.146359375 0.595
0 0.27246875 0.239015625 0.26237499999999997 0.25484375
0 0.072859375 0.2134765625 0.14328125 0.272484375
0 0.41215624999999995 0.2506796875 0.12325 0.206390625
0 0.2077265625 0.1075546875 0.084078125 0.093421875
0 0.3240859375 0.1425625 0.069609375 0.1296875
0 0.4218671875 0.11015625 0.095703125 0.084875
0 0.508984375 0.2528046875 0.096625 0.208984375
0 0.371578125 0.181375 0.10946875 0.1359375
0 0.139484375 0.2042890625 0.06465625 0.23920312500000002