0 0.2127291666666667 0.6768359374999999 0.33558333333333334 0.384265625
0 0.13527083333333334 0.357296875 0.17229166666666668 0.08396875000000001
0 0.17501041666666667 0.315515625 0.06972916666666666 0.091
0 0.2091875 0.3021953125 0.05654166666666667 0.049140625
0 0.28691666666666665 0.3281328125 0.066 0.063203125
0 0.3865208333333333 0.3083046875 0.06591666666666667 0.105609375
0 0.6711666666666667 0.27477343750000005 0.04504166666666667 0.128390625
0 0.7155416666666667 0.305671875 0.067125 0.0774375
0 0.9153645833333334 0.32653906250000003 0.11860416666666666 0.26242187499999997
0 0.5894791666666667 0.311671875 0.03066666666666667 0.01846875
0 0.33860416666666665 0.332125 0.034208333333333334 0.05821875
0 0.25568749999999996 0.3450703125 0.09912499999999999 0.084734375
0 0.5376041666666667 0.5651171875000001 0.246375 0.490796875
0 0.34479166666666666 0.28984375 0.5979166666666667 0.1296875